25

1  -5.0000000000D-02  0.0D0  -5.0000000000D-02
2  -2.5000000000D-02  0.0D0  -5.0000000000D-02
3  0.0000000000D+00  0.0D0  -5.0000000000D-02
4  2.5000000000D-02  0.0D0  -5.0000000000D-02
5  5.0000000000D-02  0.0D0  -5.0000000000D-02
6  -5.0000000000D-02  0.0D0  -2.5000000000D-02
7  -2.5000000000D-02  0.0D0  -2.5000000000D-02
8  0.0000000000D+00  0.0D0  -2.5000000000D-02
9  2.5000000000D-02  0.0D0  -2.5000000000D-02
10  5.0000000000D-02  0.0D0  -2.5000000000D-02
11  -5.0000000000D-02  0.0D0  0.0000000000D+00
12  -2.5000000000D-02  0.0D0  0.0000000000D+00
13  0.0000000000D+00  0.0D0  0.0000000000D+00
14  2.5000000000D-02  0.0D0  0.0000000000D+00
15  5.0000000000D-02  0.0D0  0.0000000000D+00
16  -5.0000000000D-02  0.0D0  2.5000000000D-02
17  -2.5000000000D-02  0.0D0  2.5000000000D-02
18  0.0000000000D+00  0.0D0  2.5000000000D-02
19  2.5000000000D-02  0.0D0  2.5000000000D-02
20  5.0000000000D-02  0.0D0  2.5000000000D-02
21  -5.0000000000D-02  0.0D0  5.0000000000D-02
22  -2.5000000000D-02  0.0D0  5.0000000000D-02
23  0.0000000000D+00  0.0D0  5.0000000000D-02
24  2.5000000000D-02  0.0D0  5.0000000000D-02
25  5.0000000000D-02  0.0D0  5.0000000000D-02
