16

1  0.0D0  0.0000000000D+00  0.0D0  TE 2
2  0.0D0  6.6666666667D-02  0.0D0  TE 2
3  0.0D0  1.3333333333D-01  0.0D0  TE 2
4  0.0D0  2.0000000000D-01  0.0D0  TE 2
5  0.0D0  2.6666666667D-01  0.0D0  TE 2
6  0.0D0  3.3333333333D-01  0.0D0  TE 2
7  0.0D0  4.0000000000D-01  0.0D0  TE 2
8  0.0D0  4.6666666667D-01  0.0D0  TE 2
9  0.0D0  5.3333333333D-01  0.0D0  TE 2
10  0.0D0  6.0000000000D-01  0.0D0  TE 2
11  0.0D0  6.6666666667D-01  0.0D0  TE 2
12  0.0D0  7.3333333333D-01  0.0D0  TE 2
13  0.0D0  8.0000000000D-01  0.0D0  TE 2
14  0.0D0  8.6666666667D-01  0.0D0  TE 2
15  0.0D0  9.3333333333D-01  0.0D0  TE 2
16  0.0D0  1.0000000000D+00  0.0D0  TE 2
