51

1  -5.0000000000D-02  0.0000000000D+00  0.0D0  LE 2
2  0.0000000000D+00  0.0000000000D+00  0.0D0  LE 2
3  5.0000000000D-02  0.0000000000D+00  0.0D0  LE 2
4  -5.0000000000D-02  6.2500000000D-02  0.0D0  LE 2
5  0.0000000000D+00  6.2500000000D-02  0.0D0  LE 2
6  5.0000000000D-02  6.2500000000D-02  0.0D0  LE 2
7  -5.0000000000D-02  1.2500000000D-01  0.0D0  LE 2
8  0.0000000000D+00  1.2500000000D-01  0.0D0  LE 2
9  5.0000000000D-02  1.2500000000D-01  0.0D0  LE 2
10  -5.0000000000D-02  1.8750000000D-01  0.0D0  LE 2
11  0.0000000000D+00  1.8750000000D-01  0.0D0  LE 2
12  5.0000000000D-02  1.8750000000D-01  0.0D0  LE 2
13  -5.0000000000D-02  2.5000000000D-01  0.0D0  LE 2
14  0.0000000000D+00  2.5000000000D-01  0.0D0  LE 2
15  5.0000000000D-02  2.5000000000D-01  0.0D0  LE 2
16  -5.0000000000D-02  3.1250000000D-01  0.0D0  LE 2
17  0.0000000000D+00  3.1250000000D-01  0.0D0  LE 2
18  5.0000000000D-02  3.1250000000D-01  0.0D0  LE 2
19  -5.0000000000D-02  3.7500000000D-01  0.0D0  LE 2
20  0.0000000000D+00  3.7500000000D-01  0.0D0  LE 2
21  5.0000000000D-02  3.7500000000D-01  0.0D0  LE 2
22  -5.0000000000D-02  4.3750000000D-01  0.0D0  LE 2
23  0.0000000000D+00  4.3750000000D-01  0.0D0  LE 2
24  5.0000000000D-02  4.3750000000D-01  0.0D0  LE 2
25  -5.0000000000D-02  5.0000000000D-01  0.0D0  LE 2
26  0.0000000000D+00  5.0000000000D-01  0.0D0  LE 2
27  5.0000000000D-02  5.0000000000D-01  0.0D0  LE 2
28  -5.0000000000D-02  5.6250000000D-01  0.0D0  LE 2
29  0.0000000000D+00  5.6250000000D-01  0.0D0  LE 2
30  5.0000000000D-02  5.6250000000D-01  0.0D0  LE 2
31  -5.0000000000D-02  6.2500000000D-01  0.0D0  LE 2
32  0.0000000000D+00  6.2500000000D-01  0.0D0  LE 2
33  5.0000000000D-02  6.2500000000D-01  0.0D0  LE 2
34  -5.0000000000D-02  6.8750000000D-01  0.0D0  LE 2
35  0.0000000000D+00  6.8750000000D-01  0.0D0  LE 2
36  5.0000000000D-02  6.8750000000D-01  0.0D0  LE 2
37  -5.0000000000D-02  7.5000000000D-01  0.0D0  LE 2
38  0.0000000000D+00  7.5000000000D-01  0.0D0  LE 2
39  5.0000000000D-02  7.5000000000D-01  0.0D0  LE 2
40  -5.0000000000D-02  8.1250000000D-01  0.0D0  LE 2
41  0.0000000000D+00  8.1250000000D-01  0.0D0  LE 2
42  5.0000000000D-02  8.1250000000D-01  0.0D0  LE 2
43  -5.0000000000D-02  8.7500000000D-01  0.0D0  LE 2
44  0.0000000000D+00  8.7500000000D-01  0.0D0  LE 2
45  5.0000000000D-02  8.7500000000D-01  0.0D0  LE 2
46  -5.0000000000D-02  9.3750000000D-01  0.0D0  LE 2
47  0.0000000000D+00  9.3750000000D-01  0.0D0  LE 2
48  5.0000000000D-02  9.3750000000D-01  0.0D0  LE 2
49  -5.0000000000D-02  1.0000000000D+00  0.0D0  LE 2
50  0.0000000000D+00  1.0000000000D+00  0.0D0  LE 2
51  5.0000000000D-02  1.0000000000D+00  0.0D0  LE 2
