16

1  0.0D0  0.0000000000D+00  0.0D0  TE 1
2  0.0D0  6.6666666667D-02  0.0D0  TE 1
3  0.0D0  1.3333333333D-01  0.0D0  TE 1
4  0.0D0  2.0000000000D-01  0.0D0  TE 1
5  0.0D0  2.6666666667D-01  0.0D0  TE 1
6  0.0D0  3.3333333333D-01  0.0D0  TE 1
7  0.0D0  4.0000000000D-01  0.0D0  TE 1
8  0.0D0  4.6666666667D-01  0.0D0  TE 1
9  0.0D0  5.3333333333D-01  0.0D0  TE 1
10  0.0D0  6.0000000000D-01  0.0D0  TE 1
11  0.0D0  6.6666666667D-01  0.0D0  TE 1
12  0.0D0  7.3333333333D-01  0.0D0  TE 1
13  0.0D0  8.0000000000D-01  0.0D0  TE 1
14  0.0D0  8.6666666667D-01  0.0D0  TE 1
15  0.0D0  9.3333333333D-01  0.0D0  TE 1
16  0.0D0  1.0000000000D+00  0.0D0  TE 1
