           1  0.000000000000000E+000
           2  0.000000000000000E+000
           3  0.000000000000000E+000
           4  0.000000000000000E+000
           5  0.000000000000000E+000
           6  0.000000000000000E+000
           7  0.000000000000000E+000
           8  0.000000000000000E+000
           9  0.000000000000000E+000
          10  0.000000000000000E+000
          11  0.000000000000000E+000
          12  0.000000000000000E+000
          13  0.000000000000000E+000
          14  0.000000000000000E+000
          15  0.000000000000000E+000
          16  0.000000000000000E+000
          17  0.000000000000000E+000
          18  0.000000000000000E+000
          19  0.000000000000000E+000
          20  0.000000000000000E+000
          21  0.000000000000000E+000
          22  0.000000000000000E+000
          23  0.000000000000000E+000
          24  0.000000000000000E+000
          25  0.000000000000000E+000
          26  0.000000000000000E+000
          27  0.000000000000000E+000
          28  1.337730437767490E-004
          29 -5.677712209275540E-004
          30 -1.414081727378767E-002
          31 -4.819614258780012E-015
          32  3.854109698102075E-015
          33 -1.413866839582036E-002
          34 -1.337730437863616E-004
          35  5.677712209352637E-004
          36 -1.414081727378771E-002
          37  1.909973776214589E-004
          38 -1.142698552988327E-003
          39 -5.687982491525365E-002
          40 -1.479220193022370E-014
          41  6.315595279146091E-015
          42 -5.687897056609885E-002
          43 -1.909973776509739E-004
          44  1.142698553000954E-003
          45 -5.687982491525367E-002
          46  1.193377917634651E-004
          47 -1.117861973502903E-003
          48 -6.075197195193088E-002
          49 -1.470291282518762E-014
          50  8.836631954656731E-016
          51 -6.075128263187141E-002
          52 -1.193377917929050E-004
          53  1.117861973504670E-003
          54 -6.075197195193091E-002
          55  5.173540320419992E-005
          56 -1.195515495851707E-003
          57 -6.288167197065853E-002
          58 -1.456952533369225E-014
          59 -4.745286927112416E-015
          60 -6.288095550885783E-002
          61 -5.173540323326829E-005
          62  1.195515495842220E-003
          63 -6.288167197065850E-002
          64 -4.222907382168878E-005
          65 -6.442421263358221E-004
          66 -1.648372636288618E-002
          67 -4.666588265439683E-015
          68 -3.092781607336292E-015
          69 -1.648146650850583E-002
          70  4.222907381238241E-005
          71  6.442421263296354E-004
          72 -1.648372636288615E-002
          73  4.741734832248160E-005
          74 -6.316095952196492E-004
          75 -1.641116378871828E-002
          76 -4.457407134331521E-015
          77  3.402497380510821E-016
          78 -1.640908459516954E-002
          79 -4.741734833140870E-005
          80  6.316095952203299E-004
          81 -1.641116378871829E-002
          82  2.136273849028191E-004
          83 -1.388664407474610E-003
          84 -0.120594030251096     
          85 -2.671521615752957E-014
          86  6.951488682963354E-015
          87 -0.120593486206607     
          88 -2.136273849561777E-004
          89  1.388664407488516E-003
          90 -0.120594030251096     
          91  2.438269986069208E-004
          92 -1.531044297932965E-003
          93 -0.194022516311973     
          94 -3.784153284080783E-014
          95  6.484176577644944E-015
          96 -0.194022027120453     
          97 -2.438269986821176E-004
          98  1.531044297945925E-003
          99 -0.194022516311973     
         100  2.496317272129077E-004
         101 -1.510726584377233E-003
         102 -0.200183867180404     
         103 -3.765434856662305E-014
         104  1.360837659975476E-015
         105 -0.200184181330510     
         106 -2.496317272884605E-004
         107  1.510726584379957E-003
         108 -0.200183867180404     
         109  2.591760969141156E-004
         110 -1.592261783480775E-003
         111 -0.206539256454393     
         112 -3.765048241939789E-014
         113 -3.711689548064315E-015
         114 -0.206538900804060     
         115 -2.591760969889291E-004
         116  1.592261783473355E-003
         117 -0.206539256454393     
         118  1.516442119782106E-004
         119 -1.457550188443764E-003
         120 -0.129748739450573     
         121 -2.676764942141985E-014
         122 -4.500591159375570E-015
         123 -0.129748146572382     
         124 -1.516442120316768E-004
         125  1.457550188434761E-003
         126 -0.129748739450573     
         127  1.833444823098346E-004
         128 -1.434282279635981E-003
         129 -0.125558649645991     
         130 -2.665034716184255E-014
         131  1.264368355063087E-015
         132 -0.125557976262107     
         133 -1.833444823631711E-004
         134  1.434282279638509E-003
         135 -0.125558649645991     
