15

D-PLANE 1  9.99700000000000D-01 2.39000000000000D-02 0.00000000000000D+00 -0.00000000000000D+00   0.00000000000000D+00 0.00000000000000D+00 0.00000000000000D+00
D-PLANE 2  9.99700000000000D-01 2.39000000000000D-02 0.00000000000000D+00 -8.49745000000000D+00   N 0.00000000000000D+00 0.00000000000000D+00
D-PLANE 3  9.99700000000000D-01 2.39000000000000D-02 0.00000000000000D+00 1.30386938235000D+00   N N 0.00000000000000D+00
F-POINT 4  -1.00000000000000D+01 -1.73205080000000D+01 -1.00000000000000D+00  -3.75000001229032D+00 -6.49519052128747D+00 0.00000000000000D+00
F-POINT 5  -1.00000000000000D+01 -1.73205080000000D+01 1.00000000000000D+00  -3.75000001229032D+00 -6.49519052128747D+00 0.00000000000000D+00
F-POINT 6  1.00000000000000D+01 -1.73205080000000D+01 -1.00000000000000D+00  3.75000001229032D+00 -6.49519052128747D+00 0.00000000000000D+00
F-POINT 7  1.00000000000000D+01 -1.73205080000000D+01 1.00000000000000D+00  3.75000001229032D+00 -6.49519052128747D+00 0.00000000000000D+00
F-POINT 8  2.00000000000000D+01 0.00000000000000D+00 -1.00000000000000D+00  7.50000000000000D+00 0.00000000000000D+00 0.00000000000000D+00
F-POINT 9  2.00000000000000D+01 0.00000000000000D+00 1.00000000000000D+00  7.50000000000000D+00 0.00000000000000D+00 0.00000000000000D+00
F-POINT 10  1.00000000000000D+01 1.73205080000000D+01 -1.00000000000000D+00  3.75000001229032D+00 6.49519052128747D+00 0.00000000000000D+00
F-POINT 11  1.00000000000000D+01 1.73205080000000D+01 1.00000000000000D+00  3.75000001229032D+00 6.49519052128747D+00 0.00000000000000D+00
F-POINT 12  -1.00000000000000D+01 1.73205080000000D+01 -1.00000000000000D+00  -3.75000001229032D+00 6.49519052128747D+00 0.00000000000000D+00
F-POINT 13  -1.00000000000000D+01 1.73205080000000D+01 1.00000000000000D+00  -3.75000001229032D+00 6.49519052128747D+00 0.00000000000000D+00
F-POINT 14  -2.00000000000000D+01 0.00000000000000D+00 -1.00000000000000D+00  -7.50000000000000D+00 0.00000000000000D+00 0.00000000000000D+00
F-POINT 15  -2.00000000000000D+01 0.00000000000000D+00 1.00000000000000D+00  -7.50000000000000D+00 0.00000000000000D+00 0.00000000000000D+00
