180

T6 1  10 1 2 164 165 166  1  1
T6 2  10 2 3 166 167 168  1  1
T6 3  10 3 4 168 169 170  1  1
T6 4  10 4 5 170 171 172  1  1
T6 5  10 5 6 172 173 174  1  1
T6 6  10 6 7 174 175 176  1  1
T6 7  10 7 8 176 177 178  1  1
T6 8  10 8 9 178 179 180  1  1
T6 9  10 9 1 180 181 164  1  1
T6 10  20 19 18 182 183 184  1  1
T6 11  20 18 17 184 185 186  1  1
T6 12  20 17 16 186 187 188  1  1
T6 13  20 16 15 188 189 190  1  1
T6 14  20 15 14 190 191 192  1  1
T6 15  20 14 13 192 193 194  1  1
T6 16  20 13 12 194 195 196  1  1
T6 17  20 12 11 196 197 198  1  1
T6 18  20 11 19 198 199 182  1  1
T6 19  30 21 22 200 201 202  1  1
T6 20  30 22 23 202 203 204  1  1
T6 21  30 23 24 204 205 206  1  1
T6 22  30 24 25 206 207 208  1  1
T6 23  30 25 26 208 209 210  1  1
T6 24  30 26 27 210 211 212  1  1
T6 25  30 27 28 212 213 214  1  1
T6 26  30 28 29 214 215 216  1  1
T6 27  30 29 21 216 217 200  1  1
T6 28  40 39 38 218 219 220  1  1
T6 29  40 38 37 220 221 222  1  1
T6 30  40 37 36 222 223 224  1  1
T6 31  40 36 35 224 225 226  1  1
T6 32  40 35 34 226 227 228  1  1
T6 33  40 34 33 228 229 230  1  1
T6 34  40 33 32 230 231 232  1  1
T6 35  40 32 31 232 233 234  1  1
T6 36  40 31 39 234 235 218  1  1
T6 37  50 41 42 236 237 238  1  1
T6 38  50 42 43 238 239 240  1  1
T6 39  50 43 44 240 241 242  1  1
T6 40  50 44 45 242 243 244  1  1
T6 41  50 45 46 244 245 246  1  1
T6 42  50 46 47 246 247 248  1  1
T6 43  50 47 48 248 249 250  1  1
T6 44  50 48 49 250 251 252  1  1
T6 45  50 49 41 252 253 236  1  1
T6 46  60 59 58 254 255 256  1  1
T6 47  60 58 57 256 257 258  1  1
T6 48  60 57 56 258 259 260  1  1
T6 49  60 56 55 260 261 262  1  1
T6 50  60 55 54 262 263 264  1  1
T6 51  60 54 53 264 265 266  1  1
T6 52  60 53 52 266 267 268  1  1
T6 53  60 52 51 268 269 270  1  1
T6 54  60 51 59 270 271 254  1  1
T6 55  64 62 61 272 273 274  1  1
T6 56  64 65 62 275 276 272  1  1
T6 57  64 66 65 277 278 275  1  1
T6 58  64 67 66 279 280 277  1  1
T6 59  64 63 67 281 282 279  1  1
T6 60  71 69 68 283 284 285  1  1
T6 61  71 72 69 286 287 283  1  1
T6 62  71 73 72 288 289 286  1  1
T6 63  71 74 73 290 291 288  1  1
T6 64  71 70 74 292 293 290  1  1
T6 65  78 76 75 294 295 296  1  1
T6 66  78 79 76 297 298 294  1  1
T6 67  78 80 79 299 300 297  1  1
T6 68  78 81 80 301 302 299  1  1
T6 69  78 77 81 303 304 301  1  1
T6 70  61 82 83 305 306 307  1  1
T6 71  61 86 82 308 309 305  1  1
T6 72  61 85 86 310 311 308  1  1
T6 73  61 84 85 312 313 310  1  1
T6 74  61 62 84 273 314 312  1  1
T6 75  87 89 90 315 316 317  1  1
T6 76  87 93 89 318 319 315  1  1
T6 77  87 92 93 320 321 318  1  1
T6 78  87 91 92 322 323 320  1  1
T6 79  87 88 91 324 325 322  1  1
T6 80  75 95 78 326 327 296  1  1
T6 81  75 98 95 328 329 326  1  1
T6 82  75 97 98 330 331 328  1  1
T6 83  75 96 97 332 333 330  1  1
T6 84  75 94 96 334 335 332  1  1
T6 85  83 99 61 336 337 307  1  1
T6 86  83 101 99 338 339 336  1  1
T6 87  83 102 101 340 341 338  1  1
T6 88  83 103 102 342 343 340  1  1
T6 89  83 100 103 344 345 342  1  1
T6 90  105 88 87 346 324 347  1  1
T6 91  105 106 88 348 349 346  1  1
T6 92  105 107 106 350 351 348  1  1
T6 93  105 108 107 352 353 350  1  1
T6 94  105 104 108 354 355 352  1  1
T6 95  112 110 109 356 357 358  1  1
T6 96  112 113 110 359 360 356  1  1
T6 97  112 114 113 361 362 359  1  1
T6 98  112 115 114 363 364 361  1  1
T6 99  112 111 115 365 366 363  1  1
T6 100  61 116 117 367 368 369  1  1
T6 101  61 120 116 370 371 367  1  1
T6 102  61 119 120 372 373 370  1  1
T6 103  61 118 119 374 375 372  1  1
T6 104  61 99 118 337 376 374  1  1
T6 105  121 123 124 377 378 379  1  1
T6 106  121 127 123 380 381 377  1  1
T6 107  121 126 127 382 383 380  1  1
T6 108  121 125 126 384 385 382  1  1
T6 109  121 122 125 386 387 384  1  1
T6 110  109 129 112 388 389 358  1  1
T6 111  109 132 129 390 391 388  1  1
T6 112  109 131 132 392 393 390  1  1
T6 113  109 130 131 394 395 392  1  1
T6 114  109 128 130 396 397 394  1  1
T6 115  117 133 61 398 399 369  1  1
T6 116  117 135 133 400 401 398  1  1
T6 117  117 136 135 402 403 400  1  1
T6 118  117 137 136 404 405 402  1  1
T6 119  117 134 137 406 407 404  1  1
T6 120  139 122 121 408 386 409  1  1
T6 121  139 140 122 410 411 408  1  1
T6 122  139 141 140 412 413 410  1  1
T6 123  139 142 141 414 415 412  1  1
T6 124  139 138 142 416 417 414  1  1
T6 125  146 144 143 418 419 420  1  1
T6 126  146 147 144 421 422 418  1  1
T6 127  146 148 147 423 424 421  1  1
T6 128  146 149 148 425 426 423  1  1
T6 129  146 145 149 427 428 425  1  1
T6 130  61 150 64 429 430 274  1  1
T6 131  61 153 150 431 432 429  1  1
T6 132  61 152 153 433 434 431  1  1
T6 133  61 151 152 435 436 433  1  1
T6 134  61 133 151 399 437 435  1  1
T6 135  68 154 155 438 439 440  1  1
T6 136  68 158 154 441 442 438  1  1
T6 137  68 157 158 443 444 441  1  1
T6 138  68 156 157 445 446 443  1  1
T6 139  68 69 156 284 447 445  1  1
T6 140  143 160 146 448 449 420  1  1
T6 141  143 163 160 450 451 448  1  1
T6 142  143 162 163 452 453 450  1  1
T6 143  143 161 162 454 455 452  1  1
T6 144  143 159 161 456 457 454  1  1
Q9 145  1 181 9 459 66 280 67 460 458  1  2
Q9 146  9 179 8 462 65 278 66 459 461  1  2
Q9 147  4 169 3 464 73 291 74 465 463  1  2
Q9 148  3 167 2 467 72 289 73 464 466  1  2
Q9 149  7 175 6 469 80 302 81 470 468  1  2
Q9 150  6 173 5 472 79 300 80 469 471  1  2
Q9 151  86 311 85 474 19 199 11 475 473  1  2
Q9 152  85 313 84 477 18 183 19 474 476  1  2
Q9 153  93 321 92 479 13 193 14 480 478  1  2
Q9 154  92 323 91 482 12 195 13 479 481  1  2
Q9 155  98 331 97 484 16 187 17 485 483  1  2
Q9 156  97 333 96 487 15 189 16 484 486  1  2
Q9 157  21 217 29 489 102 343 103 490 488  1  2
Q9 158  29 215 28 492 101 341 102 489 491  1  2
Q9 159  24 205 23 494 107 353 108 495 493  1  2
Q9 160  23 203 22 497 106 351 107 494 496  1  2
Q9 161  27 211 26 499 114 364 115 500 498  1  2
Q9 162  26 209 25 502 113 362 114 499 501  1  2
Q9 163  120 373 119 504 39 235 31 505 503  1  2
Q9 164  119 375 118 507 38 219 39 504 506  1  2
Q9 165  127 383 126 509 33 229 34 510 508  1  2
Q9 166  126 385 125 512 32 231 33 509 511  1  2
Q9 167  132 393 131 514 36 223 37 515 513  1  2
Q9 168  131 395 130 517 35 225 36 514 516  1  2
Q9 169  41 253 49 519 136 405 137 520 518  1  2
Q9 170  49 251 48 522 135 403 136 519 521  1  2
Q9 171  44 241 43 524 141 415 142 525 523  1  2
Q9 172  43 239 42 527 140 413 141 524 526  1  2
Q9 173  47 247 46 529 148 426 149 530 528  1  2
Q9 174  46 245 45 532 147 424 148 529 531  1  2
Q9 175  153 434 152 534 59 271 51 535 533  1  2
Q9 176  152 436 151 537 58 255 59 534 536  1  2
Q9 177  158 444 157 539 53 265 54 540 538  1  2
Q9 178  157 446 156 542 52 267 53 539 541  1  2
Q9 179  163 453 162 544 56 259 57 545 543  1  2
Q9 180  162 455 161 547 55 261 56 544 546  1  2
