547

1  1.44607700000000D+01  3.19807600000000D+00  0.0D0  TE 1
2  1.05000000000000D+01  1.00583300000000D+01  0.0D0  TE 1
3  1.02500000000000D+01  1.04913430000000D+01  0.0D0  TE 1
4  1.00000000000000D+01  1.09243560000000D+01  0.0D0  TE 1
5  6.03923000000000D+00  4.06410200000000D+00  0.0D0  TE 1
6  5.78923000000000D+00  3.63108900000000D+00  0.0D0  TE 1
7  5.53923000000000D+00  3.19807600000000D+00  0.0D0  TE 1
8  1.34607700000000D+01  3.19807600000000D+00  0.0D0  TE 1
9  1.39607700000000D+01  3.19807600000000D+00  0.0D0  TE 1
10  1.00000000000000D+01  5.77350300000000D+00  0.0D0  TE 1
11  -4.46077000000000D+00  1.41224320000000D+01  0.0D0  TE 1
12  3.46077000000000D+00  1.41224320000000D+01  0.0D0  TE 1
13  3.96077000000000D+00  1.41224320000000D+01  0.0D0  TE 1
14  4.46077000000000D+00  1.41224320000000D+01  0.0D0  TE 1
15  5.00000000000000D-01  7.26217800000000D+00  0.0D0  TE 1
16  2.50000000000000D-01  6.82916500000000D+00  0.0D0  TE 1
17  0.00000000000000D+00  6.39615200000000D+00  0.0D0  TE 1
18  -3.96077000000000D+00  1.32564060000000D+01  0.0D0  TE 1
19  -4.21077000000000D+00  1.36894190000000D+01  0.0D0  TE 1
20  0.00000000000000D+00  1.15470050000000D+01  0.0D0  TE 1
21  -1.00000000000000D+01  1.09243560000000D+01  0.0D0  TE 1
22  -1.39607700000000D+01  4.06410200000000D+00  0.0D0  TE 1
23  -1.42107700000000D+01  3.63108900000000D+00  0.0D0  TE 1
24  -1.44607700000000D+01  3.19807600000000D+00  0.0D0  TE 1
25  -6.53923000000000D+00  3.19807600000000D+00  0.0D0  TE 1
26  -6.03923000000000D+00  3.19807600000000D+00  0.0D0  TE 1
27  -5.53923000000000D+00  3.19807600000000D+00  0.0D0  TE 1
28  -9.50000000000000D+00  1.00583300000000D+01  0.0D0  TE 1
29  -9.75000000000000D+00  1.04913430000000D+01  0.0D0  TE 1
30  -1.00000000000000D+01  5.77350300000000D+00  0.0D0  TE 1
31  -1.00000000000000D+01  -1.09243560000000D+01  0.0D0  TE 1
32  -1.39607700000000D+01  -4.06410200000000D+00  0.0D0  TE 1
33  -1.42107700000000D+01  -3.63108900000000D+00  0.0D0  TE 1
34  -1.44607700000000D+01  -3.19807600000000D+00  0.0D0  TE 1
35  -6.53923000000000D+00  -3.19807600000000D+00  0.0D0  TE 1
36  -6.03923000000000D+00  -3.19807600000000D+00  0.0D0  TE 1
37  -5.53923000000000D+00  -3.19807600000000D+00  0.0D0  TE 1
38  -9.50000000000000D+00  -1.00583300000000D+01  0.0D0  TE 1
39  -9.75000000000000D+00  -1.04913430000000D+01  0.0D0  TE 1
40  -1.00000000000000D+01  -5.77350300000000D+00  0.0D0  TE 1
41  -4.46077000000000D+00  -1.41224320000000D+01  0.0D0  TE 1
42  3.46077000000000D+00  -1.41224320000000D+01  0.0D0  TE 1
43  3.96077000000000D+00  -1.41224320000000D+01  0.0D0  TE 1
44  4.46077000000000D+00  -1.41224320000000D+01  0.0D0  TE 1
45  5.00000000000000D-01  -7.26217800000000D+00  0.0D0  TE 1
46  2.50000000000000D-01  -6.82916500000000D+00  0.0D0  TE 1
47  0.00000000000000D+00  -6.39615200000000D+00  0.0D0  TE 1
48  -3.96077000000000D+00  -1.32564060000000D+01  0.0D0  TE 1
49  -4.21077000000000D+00  -1.36894190000000D+01  0.0D0  TE 1
50  0.00000000000000D+00  -1.15470050000000D+01  0.0D0  TE 1
51  1.44607700000000D+01  -3.19807600000000D+00  0.0D0  TE 1
52  1.05000000000000D+01  -1.00583300000000D+01  0.0D0  TE 1
53  1.02500000000000D+01  -1.04913430000000D+01  0.0D0  TE 1
54  1.00000000000000D+01  -1.09243560000000D+01  0.0D0  TE 1
55  6.03923000000000D+00  -4.06410200000000D+00  0.0D0  TE 1
56  5.78923000000000D+00  -3.63108900000000D+00  0.0D0  TE 1
57  5.53923000000000D+00  -3.19807600000000D+00  0.0D0  TE 1
58  1.34607700000000D+01  -3.19807600000000D+00  0.0D0  TE 1
59  1.39607700000000D+01  -3.19807600000000D+00  0.0D0  TE 1
60  1.00000000000000D+01  -5.77350300000000D+00  0.0D0  TE 1
61  0.00000000000000D+00  0.00000000000000D+00  0.0D0  TE 1
62  1.50000000000000D+00  2.59807600000000D+00  0.0D0  TE 1
63  1.55000000000000D+01  2.59807600000000D+00  0.0D0  TE 1
64  1.70000000000000D+01  0.00000000000000D+00  0.0D0  TE 1
65  1.34607700000000D+01  2.59807600000000D+00  0.0D0  TE 1
66  1.39607700000000D+01  2.59807600000000D+00  0.0D0  TE 1
67  1.44607700000000D+01  2.59807600000000D+00  0.0D0  TE 1
68  2.00000000000000D+01  0.00000000000000D+00  0.0D0  TE 1
69  1.70000000000000D+01  0.00000000000000D+00  0.0D0  TE 1
70  1.00000000000000D+01  1.21243560000000D+01  0.0D0  TE 1
71  1.15000000000000D+01  1.47224320000000D+01  0.0D0  TE 1
72  1.10196150000000D+01  1.03583300000000D+01  0.0D0  TE 1
73  1.07696150000000D+01  1.07913430000000D+01  0.0D0  TE 1
74  1.05196150000000D+01  1.12243560000000D+01  0.0D0  TE 1
75  1.00000000000000D+01  1.73205080000000D+01  0.0D0  TE 1
76  1.15000000000000D+01  1.47224320000000D+01  0.0D0  TE 1
77  4.50000000000000D+00  2.59807600000000D+00  0.0D0  TE 1
78  1.50000000000000D+00  2.59807600000000D+00  0.0D0  TE 1
79  5.51961500000000D+00  4.36410200000000D+00  0.0D0  TE 1
80  5.26961500000000D+00  3.93108900000000D+00  0.0D0  TE 1
81  5.01961500000000D+00  3.49807600000000D+00  0.0D0  TE 1
82  -5.50000000000000D+00  1.47224320000000D+01  0.0D0  TE 1
83  -8.50000000000000D+00  1.47224320000000D+01  0.0D0  TE 1
84  -4.48038500000000D+00  1.29564060000000D+01  0.0D0  TE 1
85  -4.73038500000000D+00  1.33894190000000D+01  0.0D0  TE 1
86  -4.98038500000000D+00  1.38224320000000D+01  0.0D0  TE 1
87  -1.00000000000000D+01  1.73205080000000D+01  0.0D0  TE 1
88  -8.50000000000000D+00  1.47224320000000D+01  0.0D0  TE 1
89  5.50000000000000D+00  1.47224320000000D+01  0.0D0  TE 1
90  7.00000000000000D+00  1.73205080000000D+01  0.0D0  TE 1
91  3.46077000000000D+00  1.47224320000000D+01  0.0D0  TE 1
92  3.96077000000000D+00  1.47224320000000D+01  0.0D0  TE 1
93  4.46077000000000D+00  1.47224320000000D+01  0.0D0  TE 1
94  7.00000000000000D+00  1.73205080000000D+01  0.0D0  TE 1
95  0.00000000000000D+00  5.19615200000000D+00  0.0D0  TE 1
96  1.01961500000000D+00  6.96217800000000D+00  0.0D0  TE 1
97  7.69615000000000D-01  6.52916500000000D+00  0.0D0  TE 1
98  5.19615000000000D-01  6.09615200000000D+00  0.0D0  TE 1
99  -3.00000000000000D+00  0.00000000000000D+00  0.0D0  TE 1
100  -1.00000000000000D+01  1.21243560000000D+01  0.0D0  TE 1
101  -8.98038500000000D+00  1.03583300000000D+01  0.0D0  TE 1
102  -9.23038500000000D+00  1.07913430000000D+01  0.0D0  TE 1
103  -9.48038500000000D+00  1.12243560000000D+01  0.0D0  TE 1
104  -1.55000000000000D+01  2.59807600000000D+00  0.0D0  TE 1
105  -1.85000000000000D+01  2.59807600000000D+00  0.0D0  TE 1
106  -1.44803850000000D+01  4.36410200000000D+00  0.0D0  TE 1
107  -1.47303850000000D+01  3.93108900000000D+00  0.0D0  TE 1
108  -1.49803850000000D+01  3.49807600000000D+00  0.0D0  TE 1
109  -2.00000000000000D+01  0.00000000000000D+00  0.0D0  TE 1
110  -1.85000000000000D+01  2.59807600000000D+00  0.0D0  TE 1
111  -4.50000000000000D+00  2.59807600000000D+00  0.0D0  TE 1
112  -3.00000000000000D+00  0.00000000000000D+00  0.0D0  TE 1
113  -6.53923000000000D+00  2.59807600000000D+00  0.0D0  TE 1
114  -6.03923000000000D+00  2.59807600000000D+00  0.0D0  TE 1
115  -5.53923000000000D+00  2.59807600000000D+00  0.0D0  TE 1
116  -1.00000000000000D+01  -1.21243560000000D+01  0.0D0  TE 1
117  -8.50000000000000D+00  -1.47224320000000D+01  0.0D0  TE 1
118  -8.98038500000000D+00  -1.03583300000000D+01  0.0D0  TE 1
119  -9.23038500000000D+00  -1.07913430000000D+01  0.0D0  TE 1
120  -9.48038500000000D+00  -1.12243560000000D+01  0.0D0  TE 1
121  -1.00000000000000D+01  -1.73205080000000D+01  0.0D0  TE 1
122  -8.50000000000000D+00  -1.47224320000000D+01  0.0D0  TE 1
123  -1.55000000000000D+01  -2.59807600000000D+00  0.0D0  TE 1
124  -1.85000000000000D+01  -2.59807600000000D+00  0.0D0  TE 1
125  -1.44803850000000D+01  -4.36410200000000D+00  0.0D0  TE 1
126  -1.47303850000000D+01  -3.93108900000000D+00  0.0D0  TE 1
127  -1.49803850000000D+01  -3.49807600000000D+00  0.0D0  TE 1
128  -1.85000000000000D+01  -2.59807600000000D+00  0.0D0  TE 1
129  -4.50000000000000D+00  -2.59807600000000D+00  0.0D0  TE 1
130  -6.53923000000000D+00  -2.59807600000000D+00  0.0D0  TE 1
131  -6.03923000000000D+00  -2.59807600000000D+00  0.0D0  TE 1
132  -5.53923000000000D+00  -2.59807600000000D+00  0.0D0  TE 1
133  1.50000000000000D+00  -2.59807600000000D+00  0.0D0  TE 1
134  -5.50000000000000D+00  -1.47224320000000D+01  0.0D0  TE 1
135  -4.48038500000000D+00  -1.29564060000000D+01  0.0D0  TE 1
136  -4.73038500000000D+00  -1.33894190000000D+01  0.0D0  TE 1
137  -4.98038500000000D+00  -1.38224320000000D+01  0.0D0  TE 1
138  5.50000000000000D+00  -1.47224320000000D+01  0.0D0  TE 1
139  7.00000000000000D+00  -1.73205080000000D+01  0.0D0  TE 1
140  3.46077000000000D+00  -1.47224320000000D+01  0.0D0  TE 1
141  3.96077000000000D+00  -1.47224320000000D+01  0.0D0  TE 1
142  4.46077000000000D+00  -1.47224320000000D+01  0.0D0  TE 1
143  1.00000000000000D+01  -1.73205080000000D+01  0.0D0  TE 1
144  7.00000000000000D+00  -1.73205080000000D+01  0.0D0  TE 1
145  0.00000000000000D+00  -5.19615200000000D+00  0.0D0  TE 1
146  1.50000000000000D+00  -2.59807600000000D+00  0.0D0  TE 1
147  1.01961500000000D+00  -6.96217800000000D+00  0.0D0  TE 1
148  7.69615000000000D-01  -6.52916500000000D+00  0.0D0  TE 1
149  5.19615000000000D-01  -6.09615200000000D+00  0.0D0  TE 1
150  1.55000000000000D+01  -2.59807600000000D+00  0.0D0  TE 1
151  1.34607700000000D+01  -2.59807600000000D+00  0.0D0  TE 1
152  1.39607700000000D+01  -2.59807600000000D+00  0.0D0  TE 1
153  1.44607700000000D+01  -2.59807600000000D+00  0.0D0  TE 1
154  1.00000000000000D+01  -1.21243560000000D+01  0.0D0  TE 1
155  1.15000000000000D+01  -1.47224320000000D+01  0.0D0  TE 1
156  1.10196150000000D+01  -1.03583300000000D+01  0.0D0  TE 1
157  1.07696150000000D+01  -1.07913430000000D+01  0.0D0  TE 1
158  1.05196150000000D+01  -1.12243560000000D+01  0.0D0  TE 1
159  1.15000000000000D+01  -1.47224320000000D+01  0.0D0  TE 1
160  4.50000000000000D+00  -2.59807600000000D+00  0.0D0  TE 1
161  5.51961500000000D+00  -4.36410200000000D+00  0.0D0  TE 1
162  5.26961500000000D+00  -3.93108900000000D+00  0.0D0  TE 1
163  5.01961500000000D+00  -3.49807600000000D+00  0.0D0  TE 1
164  1.22303850000000D+01  4.48578950000000D+00  0.0D0  TE 1
165  1.24803850000000D+01  6.62820300000000D+00  0.0D0  TE 1
166  1.02500000000000D+01  7.91591650000000D+00  0.0D0  TE 1
167  1.03750000000000D+01  1.02748365000000D+01  0.0D0  TE 1
168  1.01250000000000D+01  8.13242300000000D+00  0.0D0  TE 1
169  1.01250000000000D+01  1.07078495000000D+01  0.0D0  TE 1
170  1.00000000000000D+01  8.34892950000000D+00  0.0D0  TE 1
171  8.01961500000000D+00  7.49422900000000D+00  0.0D0  TE 1
172  8.01961500000000D+00  4.91880250000000D+00  0.0D0  TE 1
173  5.91423000000000D+00  3.84759550000000D+00  0.0D0  TE 1
174  7.89461500000000D+00  4.70229600000000D+00  0.0D0  TE 1
175  5.66423000000000D+00  3.41458250000000D+00  0.0D0  TE 1
176  7.76961500000000D+00  4.48578950000000D+00  0.0D0  TE 1
177  9.50000000000000D+00  3.19807600000000D+00  0.0D0  TE 1
178  1.17303850000000D+01  4.48578950000000D+00  0.0D0  TE 1
179  1.37107700000000D+01  3.19807600000000D+00  0.0D0  TE 1
180  1.19803850000000D+01  4.48578950000000D+00  0.0D0  TE 1
181  1.42107700000000D+01  3.19807600000000D+00  0.0D0  TE 1
182  -2.10538500000000D+00  1.26182120000000D+01  0.0D0  TE 1
183  -4.08577000000000D+00  1.34729125000000D+01  0.0D0  TE 1
184  -1.98038500000000D+00  1.24017055000000D+01  0.0D0  TE 1
185  -1.98038500000000D+00  9.82627900000000D+00  0.0D0  TE 1
186  0.00000000000000D+00  8.97157850000000D+00  0.0D0  TE 1
187  1.25000000000000D-01  6.61265850000000D+00  0.0D0  TE 1
188  1.25000000000000D-01  9.18808500000000D+00  0.0D0  TE 1
189  3.75000000000000D-01  7.04567150000000D+00  0.0D0  TE 1
190  2.50000000000000D-01  9.40459150000000D+00  0.0D0  TE 1
191  2.48038500000000D+00  1.06923050000000D+01  0.0D0  TE 1
192  2.23038500000000D+00  1.28347185000000D+01  0.0D0  TE 1
193  4.21077000000000D+00  1.41224320000000D+01  0.0D0  TE 1
194  1.98038500000000D+00  1.28347185000000D+01  0.0D0  TE 1
195  3.71077000000000D+00  1.41224320000000D+01  0.0D0  TE 1
196  1.73038500000000D+00  1.28347185000000D+01  0.0D0  TE 1
197  -5.00000000000000D-01  1.41224320000000D+01  0.0D0  TE 1
198  -2.23038500000000D+00  1.28347185000000D+01  0.0D0  TE 1
199  -4.33577000000000D+00  1.39059255000000D+01  0.0D0  TE 1
200  -1.00000000000000D+01  8.34892950000000D+00  0.0D0  TE 1
201  -1.19803850000000D+01  7.49422900000000D+00  0.0D0  TE 1
202  -1.19803850000000D+01  4.91880250000000D+00  0.0D0  TE 1
203  -1.40857700000000D+01  3.84759550000000D+00  0.0D0  TE 1
204  -1.21053850000000D+01  4.70229600000000D+00  0.0D0  TE 1
205  -1.43357700000000D+01  3.41458250000000D+00  0.0D0  TE 1
206  -1.22303850000000D+01  4.48578950000000D+00  0.0D0  TE 1
207  -1.05000000000000D+01  3.19807600000000D+00  0.0D0  TE 1
208  -8.26961500000000D+00  4.48578950000000D+00  0.0D0  TE 1
209  -6.28923000000000D+00  3.19807600000000D+00  0.0D0  TE 1
210  -8.01961500000000D+00  4.48578950000000D+00  0.0D0  TE 1
211  -5.78923000000000D+00  3.19807600000000D+00  0.0D0  TE 1
212  -7.76961500000000D+00  4.48578950000000D+00  0.0D0  TE 1
213  -7.51961500000000D+00  6.62820300000000D+00  0.0D0  TE 1
214  -9.75000000000000D+00  7.91591650000000D+00  0.0D0  TE 1
215  -9.62500000000000D+00  1.02748365000000D+01  0.0D0  TE 1
216  -9.87500000000000D+00  8.13242300000000D+00  0.0D0  TE 1
217  -9.87500000000000D+00  1.07078495000000D+01  0.0D0  TE 1
218  -9.87500000000000D+00  -8.13242300000000D+00  0.0D0  TE 1
219  -9.62500000000000D+00  -1.02748365000000D+01  0.0D0  TE 1
220  -9.75000000000000D+00  -7.91591650000000D+00  0.0D0  TE 1
221  -7.51961500000000D+00  -6.62820300000000D+00  0.0D0  TE 1
222  -7.76961500000000D+00  -4.48578950000000D+00  0.0D0  TE 1
223  -5.78923000000000D+00  -3.19807600000000D+00  0.0D0  TE 1
224  -8.01961500000000D+00  -4.48578950000000D+00  0.0D0  TE 1
225  -6.28923000000000D+00  -3.19807600000000D+00  0.0D0  TE 1
226  -8.26961500000000D+00  -4.48578950000000D+00  0.0D0  TE 1
227  -1.05000000000000D+01  -3.19807600000000D+00  0.0D0  TE 1
228  -1.22303850000000D+01  -4.48578950000000D+00  0.0D0  TE 1
229  -1.43357700000000D+01  -3.41458250000000D+00  0.0D0  TE 1
230  -1.21053850000000D+01  -4.70229600000000D+00  0.0D0  TE 1
231  -1.40857700000000D+01  -3.84759550000000D+00  0.0D0  TE 1
232  -1.19803850000000D+01  -4.91880250000000D+00  0.0D0  TE 1
233  -1.19803850000000D+01  -7.49422900000000D+00  0.0D0  TE 1
234  -1.00000000000000D+01  -8.34892950000000D+00  0.0D0  TE 1
235  -9.87500000000000D+00  -1.07078495000000D+01  0.0D0  TE 1
236  -2.23038500000000D+00  -1.28347185000000D+01  0.0D0  TE 1
237  -5.00000000000000D-01  -1.41224320000000D+01  0.0D0  TE 1
238  1.73038500000000D+00  -1.28347185000000D+01  0.0D0  TE 1
239  3.71077000000000D+00  -1.41224320000000D+01  0.0D0  TE 1
240  1.98038500000000D+00  -1.28347185000000D+01  0.0D0  TE 1
241  4.21077000000000D+00  -1.41224320000000D+01  0.0D0  TE 1
242  2.23038500000000D+00  -1.28347185000000D+01  0.0D0  TE 1
243  2.48038500000000D+00  -1.06923050000000D+01  0.0D0  TE 1
244  2.50000000000000D-01  -9.40459150000000D+00  0.0D0  TE 1
245  3.75000000000000D-01  -7.04567150000000D+00  0.0D0  TE 1
246  1.25000000000000D-01  -9.18808500000000D+00  0.0D0  TE 1
247  1.25000000000000D-01  -6.61265850000000D+00  0.0D0  TE 1
248  0.00000000000000D+00  -8.97157850000000D+00  0.0D0  TE 1
249  -1.98038500000000D+00  -9.82627900000000D+00  0.0D0  TE 1
250  -1.98038500000000D+00  -1.24017055000000D+01  0.0D0  TE 1
251  -4.08577000000000D+00  -1.34729125000000D+01  0.0D0  TE 1
252  -2.10538500000000D+00  -1.26182120000000D+01  0.0D0  TE 1
253  -4.33577000000000D+00  -1.39059255000000D+01  0.0D0  TE 1
254  1.19803850000000D+01  -4.48578950000000D+00  0.0D0  TE 1
255  1.37107700000000D+01  -3.19807600000000D+00  0.0D0  TE 1
256  1.17303850000000D+01  -4.48578950000000D+00  0.0D0  TE 1
257  9.50000000000000D+00  -3.19807600000000D+00  0.0D0  TE 1
258  7.76961500000000D+00  -4.48578950000000D+00  0.0D0  TE 1
259  5.66423000000000D+00  -3.41458250000000D+00  0.0D0  TE 1
260  7.89461500000000D+00  -4.70229600000000D+00  0.0D0  TE 1
261  5.91423000000000D+00  -3.84759550000000D+00  0.0D0  TE 1
262  8.01961500000000D+00  -4.91880250000000D+00  0.0D0  TE 1
263  8.01961500000000D+00  -7.49422900000000D+00  0.0D0  TE 1
264  1.00000000000000D+01  -8.34892950000000D+00  0.0D0  TE 1
265  1.01250000000000D+01  -1.07078495000000D+01  0.0D0  TE 1
266  1.01250000000000D+01  -8.13242300000000D+00  0.0D0  TE 1
267  1.03750000000000D+01  -1.02748365000000D+01  0.0D0  TE 1
268  1.02500000000000D+01  -7.91591650000000D+00  0.0D0  TE 1
269  1.24803850000000D+01  -6.62820300000000D+00  0.0D0  TE 1
270  1.22303850000000D+01  -4.48578950000000D+00  0.0D0  TE 1
271  1.42107700000000D+01  -3.19807600000000D+00  0.0D0  TE 1
272  9.25000000000000D+00  1.29903800000000D+00  0.0D0  TE 1
273  7.50000000000000D-01  1.29903800000000D+00  0.0D0  TE 1
274  8.50000000000000D+00  0.00000000000000D+00  0.0D0  TE 1
275  1.52303850000000D+01  1.29903800000000D+00  0.0D0  TE 1
276  7.48038500000000D+00  2.59807600000000D+00  0.0D0  TE 1
277  1.54803850000000D+01  1.29903800000000D+00  0.0D0  TE 1
278  1.37107700000000D+01  2.59807600000000D+00  0.0D0  TE 1
279  1.57303850000000D+01  1.29903800000000D+00  0.0D0  TE 1
280  1.42107700000000D+01  2.59807600000000D+00  0.0D0  TE 1
281  1.62500000000000D+01  1.29903800000000D+00  0.0D0  TE 1
282  1.49803850000000D+01  2.59807600000000D+00  0.0D0  TE 1
283  1.42500000000000D+01  7.36121600000000D+00  0.0D0  TE 1
284  1.85000000000000D+01  0.00000000000000D+00  0.0D0  TE 1
285  1.57500000000000D+01  7.36121600000000D+00  0.0D0  TE 1
286  1.12598075000000D+01  1.25403810000000D+01  0.0D0  TE 1
287  1.40098075000000D+01  5.17916500000000D+00  0.0D0  TE 1
288  1.11348075000000D+01  1.27568875000000D+01  0.0D0  TE 1
289  1.08946150000000D+01  1.05748365000000D+01  0.0D0  TE 1
290  1.10098075000000D+01  1.29733940000000D+01  0.0D0  TE 1
291  1.06446150000000D+01  1.10078495000000D+01  0.0D0  TE 1
292  1.07500000000000D+01  1.34233940000000D+01  0.0D0  TE 1
293  1.02598075000000D+01  1.16743560000000D+01  0.0D0  TE 1
294  6.50000000000000D+00  8.66025400000000D+00  0.0D0  TE 1
295  1.07500000000000D+01  1.60214700000000D+01  0.0D0  TE 1
296  5.75000000000000D+00  9.95929200000000D+00  0.0D0  TE 1
297  3.50980750000000D+00  3.48108900000000D+00  0.0D0  TE 1
298  8.50980750000000D+00  9.54326700000000D+00  0.0D0  TE 1
299  3.38480750000000D+00  3.26458250000000D+00  0.0D0  TE 1
300  5.39461500000000D+00  4.14759550000000D+00  0.0D0  TE 1
301  3.25980750000000D+00  3.04807600000000D+00  0.0D0  TE 1
302  5.14461500000000D+00  3.71458250000000D+00  0.0D0  TE 1
303  3.00000000000000D+00  2.59807600000000D+00  0.0D0  TE 1
304  4.75980750000000D+00  3.04807600000000D+00  0.0D0  TE 1
305  -2.75000000000000D+00  7.36121600000000D+00  0.0D0  TE 1
306  -7.00000000000000D+00  1.47224320000000D+01  0.0D0  TE 1
307  -4.25000000000000D+00  7.36121600000000D+00  0.0D0  TE 1
308  -2.49019250000000D+00  6.91121600000000D+00  0.0D0  TE 1
309  -5.24019250000000D+00  1.42724320000000D+01  0.0D0  TE 1
310  -2.36519250000000D+00  6.69470950000000D+00  0.0D0  TE 1
311  -4.85538500000000D+00  1.36059255000000D+01  0.0D0  TE 1
312  -2.24019250000000D+00  6.47820300000000D+00  0.0D0  TE 1
313  -4.60538500000000D+00  1.31729125000000D+01  0.0D0  TE 1
314  -1.49019250000000D+00  7.77724100000000D+00  0.0D0  TE 1
315  -2.25000000000000D+00  1.60214700000000D+01  0.0D0  TE 1
316  6.25000000000000D+00  1.60214700000000D+01  0.0D0  TE 1
317  -1.50000000000000D+00  1.73205080000000D+01  0.0D0  TE 1
318  -2.76961500000000D+00  1.60214700000000D+01  0.0D0  TE 1
319  4.98038500000000D+00  1.47224320000000D+01  0.0D0  TE 1
320  -3.01961500000000D+00  1.60214700000000D+01  0.0D0  TE 1
321  4.21077000000000D+00  1.47224320000000D+01  0.0D0  TE 1
322  -3.26961500000000D+00  1.60214700000000D+01  0.0D0  TE 1
323  3.71077000000000D+00  1.47224320000000D+01  0.0D0  TE 1
324  -9.25000000000000D+00  1.60214700000000D+01  0.0D0  TE 1
325  -2.51961500000000D+00  1.47224320000000D+01  0.0D0  TE 1
326  5.00000000000000D+00  1.12583300000000D+01  0.0D0  TE 1
327  7.50000000000000D-01  3.89711400000000D+00  0.0D0  TE 1
328  5.25980750000000D+00  1.17083300000000D+01  0.0D0  TE 1
329  2.59807500000000D-01  5.64615200000000D+00  0.0D0  TE 1
330  5.38480750000000D+00  1.19248365000000D+01  0.0D0  TE 1
331  6.44615000000000D-01  6.31265850000000D+00  0.0D0  TE 1
332  5.50980750000000D+00  1.21413430000000D+01  0.0D0  TE 1
333  8.94615000000000D-01  6.74567150000000D+00  0.0D0  TE 1
334  8.50000000000000D+00  1.73205080000000D+01  0.0D0  TE 1
335  4.00980750000000D+00  1.21413430000000D+01  0.0D0  TE 1
336  -5.75000000000000D+00  7.36121600000000D+00  0.0D0  TE 1
337  -1.50000000000000D+00  0.00000000000000D+00  0.0D0  TE 1
338  -8.74019250000000D+00  1.25403810000000D+01  0.0D0  TE 1
339  -5.99019250000000D+00  5.17916500000000D+00  0.0D0  TE 1
340  -8.86519250000000D+00  1.27568875000000D+01  0.0D0  TE 1
341  -9.10538500000000D+00  1.05748365000000D+01  0.0D0  TE 1
342  -8.99019250000000D+00  1.29733940000000D+01  0.0D0  TE 1
343  -9.35538500000000D+00  1.10078495000000D+01  0.0D0  TE 1
344  -9.25000000000000D+00  1.34233940000000D+01  0.0D0  TE 1
345  -9.74019250000000D+00  1.16743560000000D+01  0.0D0  TE 1
346  -1.35000000000000D+01  8.66025400000000D+00  0.0D0  TE 1
347  -1.42500000000000D+01  9.95929200000000D+00  0.0D0  TE 1
348  -1.64901925000000D+01  3.48108900000000D+00  0.0D0  TE 1
349  -1.14901925000000D+01  9.54326700000000D+00  0.0D0  TE 1
350  -1.66151925000000D+01  3.26458250000000D+00  0.0D0  TE 1
351  -1.46053850000000D+01  4.14759550000000D+00  0.0D0  TE 1
352  -1.67401925000000D+01  3.04807600000000D+00  0.0D0  TE 1
353  -1.48553850000000D+01  3.71458250000000D+00  0.0D0  TE 1
354  -1.70000000000000D+01  2.59807600000000D+00  0.0D0  TE 1
355  -1.52401925000000D+01  3.04807600000000D+00  0.0D0  TE 1
356  -1.07500000000000D+01  1.29903800000000D+00  0.0D0  TE 1
357  -1.92500000000000D+01  1.29903800000000D+00  0.0D0  TE 1
358  -1.15000000000000D+01  0.00000000000000D+00  0.0D0  TE 1
359  -4.76961500000000D+00  1.29903800000000D+00  0.0D0  TE 1
360  -1.25196150000000D+01  2.59807600000000D+00  0.0D0  TE 1
361  -4.51961500000000D+00  1.29903800000000D+00  0.0D0  TE 1
362  -6.28923000000000D+00  2.59807600000000D+00  0.0D0  TE 1
363  -4.26961500000000D+00  1.29903800000000D+00  0.0D0  TE 1
364  -5.78923000000000D+00  2.59807600000000D+00  0.0D0  TE 1
365  -3.75000000000000D+00  1.29903800000000D+00  0.0D0  TE 1
366  -5.01961500000000D+00  2.59807600000000D+00  0.0D0  TE 1
367  -5.00000000000000D+00  -6.06217800000000D+00  0.0D0  TE 1
368  -9.25000000000000D+00  -1.34233940000000D+01  0.0D0  TE 1
369  -4.25000000000000D+00  -7.36121600000000D+00  0.0D0  TE 1
370  -4.74019250000000D+00  -5.61217800000000D+00  0.0D0  TE 1
371  -9.74019250000000D+00  -1.16743560000000D+01  0.0D0  TE 1
372  -4.61519250000000D+00  -5.39567150000000D+00  0.0D0  TE 1
373  -9.35538500000000D+00  -1.10078495000000D+01  0.0D0  TE 1
374  -4.49019250000000D+00  -5.17916500000000D+00  0.0D0  TE 1
375  -9.10538500000000D+00  -1.05748365000000D+01  0.0D0  TE 1
376  -5.99019250000000D+00  -5.17916500000000D+00  0.0D0  TE 1
377  -1.27500000000000D+01  -9.95929200000000D+00  0.0D0  TE 1
378  -1.70000000000000D+01  -2.59807600000000D+00  0.0D0  TE 1
379  -1.42500000000000D+01  -9.95929200000000D+00  0.0D0  TE 1
380  -1.24901925000000D+01  -1.04092920000000D+01  0.0D0  TE 1
381  -1.52401925000000D+01  -3.04807600000000D+00  0.0D0  TE 1
382  -1.23651925000000D+01  -1.06257985000000D+01  0.0D0  TE 1
383  -1.48553850000000D+01  -3.71458250000000D+00  0.0D0  TE 1
384  -1.22401925000000D+01  -1.08423050000000D+01  0.0D0  TE 1
385  -1.46053850000000D+01  -4.14759550000000D+00  0.0D0  TE 1
386  -9.25000000000000D+00  -1.60214700000000D+01  0.0D0  TE 1
387  -1.14901925000000D+01  -9.54326700000000D+00  0.0D0  TE 1
388  -1.22500000000000D+01  -1.29903800000000D+00  0.0D0  TE 1
389  -3.75000000000000D+00  -1.29903800000000D+00  0.0D0  TE 1
390  -1.27696150000000D+01  -1.29903800000000D+00  0.0D0  TE 1
391  -5.01961500000000D+00  -2.59807600000000D+00  0.0D0  TE 1
392  -1.30196150000000D+01  -1.29903800000000D+00  0.0D0  TE 1
393  -5.78923000000000D+00  -2.59807600000000D+00  0.0D0  TE 1
394  -1.32696150000000D+01  -1.29903800000000D+00  0.0D0  TE 1
395  -6.28923000000000D+00  -2.59807600000000D+00  0.0D0  TE 1
396  -1.92500000000000D+01  -1.29903800000000D+00  0.0D0  TE 1
397  -1.25196150000000D+01  -2.59807600000000D+00  0.0D0  TE 1
398  -3.50000000000000D+00  -8.66025400000000D+00  0.0D0  TE 1
399  7.50000000000000D-01  -1.29903800000000D+00  0.0D0  TE 1
400  -6.49019250000000D+00  -1.38394190000000D+01  0.0D0  TE 1
401  -1.49019250000000D+00  -7.77724100000000D+00  0.0D0  TE 1
402  -6.61519250000000D+00  -1.40559255000000D+01  0.0D0  TE 1
403  -4.60538500000000D+00  -1.31729125000000D+01  0.0D0  TE 1
404  -6.74019250000000D+00  -1.42724320000000D+01  0.0D0  TE 1
405  -4.85538500000000D+00  -1.36059255000000D+01  0.0D0  TE 1
406  -7.00000000000000D+00  -1.47224320000000D+01  0.0D0  TE 1
407  -5.24019250000000D+00  -1.42724320000000D+01  0.0D0  TE 1
408  -7.50000000000000D-01  -1.60214700000000D+01  0.0D0  TE 1
409  -1.50000000000000D+00  -1.73205080000000D+01  0.0D0  TE 1
410  5.23038500000000D+00  -1.60214700000000D+01  0.0D0  TE 1
411  -2.51961500000000D+00  -1.47224320000000D+01  0.0D0  TE 1
412  5.48038500000000D+00  -1.60214700000000D+01  0.0D0  TE 1
413  3.71077000000000D+00  -1.47224320000000D+01  0.0D0  TE 1
414  5.73038500000000D+00  -1.60214700000000D+01  0.0D0  TE 1
415  4.21077000000000D+00  -1.47224320000000D+01  0.0D0  TE 1
416  6.25000000000000D+00  -1.60214700000000D+01  0.0D0  TE 1
417  4.98038500000000D+00  -1.47224320000000D+01  0.0D0  TE 1
418  4.25000000000000D+00  -9.95929200000000D+00  0.0D0  TE 1
419  8.50000000000000D+00  -1.73205080000000D+01  0.0D0  TE 1
420  5.75000000000000D+00  -9.95929200000000D+00  0.0D0  TE 1
421  1.25980750000000D+00  -4.78012700000000D+00  0.0D0  TE 1
422  4.00980750000000D+00  -1.21413430000000D+01  0.0D0  TE 1
423  1.13480750000000D+00  -4.56362050000000D+00  0.0D0  TE 1
424  8.94615000000000D-01  -6.74567150000000D+00  0.0D0  TE 1
425  1.00980750000000D+00  -4.34711400000000D+00  0.0D0  TE 1
426  6.44615000000000D-01  -6.31265850000000D+00  0.0D0  TE 1
427  7.50000000000000D-01  -3.89711400000000D+00  0.0D0  TE 1
428  2.59807500000000D-01  -5.64615200000000D+00  0.0D0  TE 1
429  7.75000000000000D+00  -1.29903800000000D+00  0.0D0  TE 1
430  1.62500000000000D+01  -1.29903800000000D+00  0.0D0  TE 1
431  7.23038500000000D+00  -1.29903800000000D+00  0.0D0  TE 1
432  1.49803850000000D+01  -2.59807600000000D+00  0.0D0  TE 1
433  6.98038500000000D+00  -1.29903800000000D+00  0.0D0  TE 1
434  1.42107700000000D+01  -2.59807600000000D+00  0.0D0  TE 1
435  6.73038500000000D+00  -1.29903800000000D+00  0.0D0  TE 1
436  1.37107700000000D+01  -2.59807600000000D+00  0.0D0  TE 1
437  7.48038500000000D+00  -2.59807600000000D+00  0.0D0  TE 1
438  1.50000000000000D+01  -6.06217800000000D+00  0.0D0  TE 1
439  1.07500000000000D+01  -1.34233940000000D+01  0.0D0  TE 1
440  1.57500000000000D+01  -7.36121600000000D+00  0.0D0  TE 1
441  1.52598075000000D+01  -5.61217800000000D+00  0.0D0  TE 1
442  1.02598075000000D+01  -1.16743560000000D+01  0.0D0  TE 1
443  1.53848075000000D+01  -5.39567150000000D+00  0.0D0  TE 1
444  1.06446150000000D+01  -1.10078495000000D+01  0.0D0  TE 1
445  1.55098075000000D+01  -5.17916500000000D+00  0.0D0  TE 1
446  1.08946150000000D+01  -1.05748365000000D+01  0.0D0  TE 1
447  1.40098075000000D+01  -5.17916500000000D+00  0.0D0  TE 1
448  7.25000000000000D+00  -9.95929200000000D+00  0.0D0  TE 1
449  3.00000000000000D+00  -2.59807600000000D+00  0.0D0  TE 1
450  7.50980750000000D+00  -1.04092920000000D+01  0.0D0  TE 1
451  4.75980750000000D+00  -3.04807600000000D+00  0.0D0  TE 1
452  7.63480750000000D+00  -1.06257985000000D+01  0.0D0  TE 1
453  5.14461500000000D+00  -3.71458250000000D+00  0.0D0  TE 1
454  7.75980750000000D+00  -1.08423050000000D+01  0.0D0  TE 1
455  5.39461500000000D+00  -4.14759550000000D+00  0.0D0  TE 1
456  1.07500000000000D+01  -1.60214700000000D+01  0.0D0  TE 1
457  8.50980750000000D+00  -9.54326700000000D+00  0.0D0  TE 1
458  1.42107700000000D+01  2.89807600000000D+00  0.0D0  TE 1
459  1.39607700000000D+01  2.89807600000000D+00  0.0D0  TE 1
460  1.44607700000000D+01  2.89807600000000D+00  0.0D0  TE 1
461  1.37107700000000D+01  2.89807600000000D+00  0.0D0  TE 1
462  1.34607700000000D+01  2.89807600000000D+00  0.0D0  TE 1
463  1.03848075000000D+01  1.08578495000000D+01  0.0D0  TE 1
464  1.05098075000000D+01  1.06413430000000D+01  0.0D0  TE 1
465  1.02598075000000D+01  1.10743560000000D+01  0.0D0  TE 1
466  1.06348075000000D+01  1.04248365000000D+01  0.0D0  TE 1
467  1.07598075000000D+01  1.02083300000000D+01  0.0D0  TE 1
468  5.40442250000000D+00  3.56458250000000D+00  0.0D0  TE 1
469  5.52942250000000D+00  3.78108900000000D+00  0.0D0  TE 1
470  5.27942250000000D+00  3.34807600000000D+00  0.0D0  TE 1
471  5.65442250000000D+00  3.99759550000000D+00  0.0D0  TE 1
472  5.77942250000000D+00  4.21410200000000D+00  0.0D0  TE 1
473  -4.59557750000000D+00  1.37559255000000D+01  0.0D0  TE 1
474  -4.47057750000000D+00  1.35394190000000D+01  0.0D0  TE 1
475  -4.72057750000000D+00  1.39724320000000D+01  0.0D0  TE 1
476  -4.34557750000000D+00  1.33229125000000D+01  0.0D0  TE 1
477  -4.22057750000000D+00  1.31064060000000D+01  0.0D0  TE 1
478  4.21077000000000D+00  1.44224320000000D+01  0.0D0  TE 1
479  3.96077000000000D+00  1.44224320000000D+01  0.0D0  TE 1
480  4.46077000000000D+00  1.44224320000000D+01  0.0D0  TE 1
481  3.71077000000000D+00  1.44224320000000D+01  0.0D0  TE 1
482  3.46077000000000D+00  1.44224320000000D+01  0.0D0  TE 1
483  3.84807500000000D-01  6.46265850000000D+00  0.0D0  TE 1
484  5.09807500000000D-01  6.67916500000000D+00  0.0D0  TE 1
485  2.59807500000000D-01  6.24615200000000D+00  0.0D0  TE 1
486  6.34807500000000D-01  6.89567150000000D+00  0.0D0  TE 1
487  7.59807500000000D-01  7.11217800000000D+00  0.0D0  TE 1
488  -9.61519250000000D+00  1.08578495000000D+01  0.0D0  TE 1
489  -9.49019250000000D+00  1.06413430000000D+01  0.0D0  TE 1
490  -9.74019250000000D+00  1.10743560000000D+01  0.0D0  TE 1
491  -9.36519250000000D+00  1.04248365000000D+01  0.0D0  TE 1
492  -9.24019250000000D+00  1.02083300000000D+01  0.0D0  TE 1
493  -1.45955775000000D+01  3.56458250000000D+00  0.0D0  TE 1
494  -1.44705775000000D+01  3.78108900000000D+00  0.0D0  TE 1
495  -1.47205775000000D+01  3.34807600000000D+00  0.0D0  TE 1
496  -1.43455775000000D+01  3.99759550000000D+00  0.0D0  TE 1
497  -1.42205775000000D+01  4.21410200000000D+00  0.0D0  TE 1
498  -5.78923000000000D+00  2.89807600000000D+00  0.0D0  TE 1
499  -6.03923000000000D+00  2.89807600000000D+00  0.0D0  TE 1
500  -5.53923000000000D+00  2.89807600000000D+00  0.0D0  TE 1
501  -6.28923000000000D+00  2.89807600000000D+00  0.0D0  TE 1
502  -6.53923000000000D+00  2.89807600000000D+00  0.0D0  TE 1
503  -9.61519250000000D+00  -1.08578495000000D+01  0.0D0  TE 1
504  -9.49019250000000D+00  -1.06413430000000D+01  0.0D0  TE 1
505  -9.74019250000000D+00  -1.10743560000000D+01  0.0D0  TE 1
506  -9.36519250000000D+00  -1.04248365000000D+01  0.0D0  TE 1
507  -9.24019250000000D+00  -1.02083300000000D+01  0.0D0  TE 1
508  -1.45955775000000D+01  -3.56458250000000D+00  0.0D0  TE 1
509  -1.44705775000000D+01  -3.78108900000000D+00  0.0D0  TE 1
510  -1.47205775000000D+01  -3.34807600000000D+00  0.0D0  TE 1
511  -1.43455775000000D+01  -3.99759550000000D+00  0.0D0  TE 1
512  -1.42205775000000D+01  -4.21410200000000D+00  0.0D0  TE 1
513  -5.78923000000000D+00  -2.89807600000000D+00  0.0D0  TE 1
514  -6.03923000000000D+00  -2.89807600000000D+00  0.0D0  TE 1
515  -5.53923000000000D+00  -2.89807600000000D+00  0.0D0  TE 1
516  -6.28923000000000D+00  -2.89807600000000D+00  0.0D0  TE 1
517  -6.53923000000000D+00  -2.89807600000000D+00  0.0D0  TE 1
518  -4.59557750000000D+00  -1.37559255000000D+01  0.0D0  TE 1
519  -4.47057750000000D+00  -1.35394190000000D+01  0.0D0  TE 1
520  -4.72057750000000D+00  -1.39724320000000D+01  0.0D0  TE 1
521  -4.34557750000000D+00  -1.33229125000000D+01  0.0D0  TE 1
522  -4.22057750000000D+00  -1.31064060000000D+01  0.0D0  TE 1
523  4.21077000000000D+00  -1.44224320000000D+01  0.0D0  TE 1
524  3.96077000000000D+00  -1.44224320000000D+01  0.0D0  TE 1
525  4.46077000000000D+00  -1.44224320000000D+01  0.0D0  TE 1
526  3.71077000000000D+00  -1.44224320000000D+01  0.0D0  TE 1
527  3.46077000000000D+00  -1.44224320000000D+01  0.0D0  TE 1
528  3.84807500000000D-01  -6.46265850000000D+00  0.0D0  TE 1
529  5.09807500000000D-01  -6.67916500000000D+00  0.0D0  TE 1
530  2.59807500000000D-01  -6.24615200000000D+00  0.0D0  TE 1
531  6.34807500000000D-01  -6.89567150000000D+00  0.0D0  TE 1
532  7.59807500000000D-01  -7.11217800000000D+00  0.0D0  TE 1
533  1.42107700000000D+01  -2.89807600000000D+00  0.0D0  TE 1
534  1.39607700000000D+01  -2.89807600000000D+00  0.0D0  TE 1
535  1.44607700000000D+01  -2.89807600000000D+00  0.0D0  TE 1
536  1.37107700000000D+01  -2.89807600000000D+00  0.0D0  TE 1
537  1.34607700000000D+01  -2.89807600000000D+00  0.0D0  TE 1
538  1.03848075000000D+01  -1.08578495000000D+01  0.0D0  TE 1
539  1.05098075000000D+01  -1.06413430000000D+01  0.0D0  TE 1
540  1.02598075000000D+01  -1.10743560000000D+01  0.0D0  TE 1
541  1.06348075000000D+01  -1.04248365000000D+01  0.0D0  TE 1
542  1.07598075000000D+01  -1.02083300000000D+01  0.0D0  TE 1
543  5.40442250000000D+00  -3.56458250000000D+00  0.0D0  TE 1
544  5.52942250000000D+00  -3.78108900000000D+00  0.0D0  TE 1
545  5.27942250000000D+00  -3.34807600000000D+00  0.0D0  TE 1
546  5.65442250000000D+00  -3.99759550000000D+00  0.0D0  TE 1
547  5.77942250000000D+00  -4.21410200000000D+00  0.0D0  TE 1
