1   1

ISO-M  1   73E9   0.33  2700









2   4  			N_MAT  N_ROWs_TO_BE_READ= total number of materials
 
ORT-M  1   24D9  24D9 15D9    0.3 0.3 0.3 4D9  4D9  4D9 2200
ORT-M  2   62.1D+9    62.1D+9     48.3D+9   0.32   0.44       0.44    23.5D9   21.0D+9   21.0D+9  7800.0d0
Z-EXP  2   0.0d0    0.0d0     0.0d0    11.57D0      0.0d0     0.0d0    0.0d0    0.0d0     0.0d0    0.0d0     11.57D0      0.0d0   -7.25D0   -7.25D0    14.41D0   0.0d0     0.0d0     0.0d0
Z-PRM  2   7.122D-09   0.0d0       0.0d0    0.0d0      8.245D-09   0.0d0    0.0d0      0.0d0       8.2450D-09

      
DAMP    0.000005  0.00005
