           1  0.000000000000000E+000
           2  0.000000000000000E+000
           3  0.000000000000000E+000
           4  0.000000000000000E+000
           5  0.000000000000000E+000
           6  0.000000000000000E+000
           7  0.000000000000000E+000
           8  0.000000000000000E+000
           9  0.000000000000000E+000
          10  0.000000000000000E+000
          11  0.000000000000000E+000
          12  0.000000000000000E+000
          13  0.000000000000000E+000
          14  0.000000000000000E+000
          15  0.000000000000000E+000
          16  0.000000000000000E+000
          17  0.000000000000000E+000
          18  0.000000000000000E+000
          19  0.000000000000000E+000
          20  0.000000000000000E+000
          21  0.000000000000000E+000
          22  0.000000000000000E+000
          23  0.000000000000000E+000
          24  0.000000000000000E+000
          25  0.000000000000000E+000
          26  0.000000000000000E+000
          27  0.000000000000000E+000
          28  0.000000000000000E+000
          29  0.000000000000000E+000
          30  0.000000000000000E+000
          31  0.000000000000000E+000
          32  0.000000000000000E+000
          33  0.000000000000000E+000
          34  0.000000000000000E+000
          35  0.000000000000000E+000
          36  0.000000000000000E+000
          37  0.000000000000000E+000
          38  0.000000000000000E+000
          39  0.000000000000000E+000
          40  0.000000000000000E+000
          41  0.000000000000000E+000
          42  0.000000000000000E+000
          43  0.000000000000000E+000
          44  0.000000000000000E+000
          45  0.000000000000000E+000
          46  4.541261925071016E-005
          47  2.721540213805496E-004
          48  2.858186759773086E-003
          49  4.750094229603507E-013
          50  2.856553439549836E-004
          51  3.156131282764317E-003
          52 -4.541261832100784E-005
          53  2.721540225429642E-004
          54  2.858186774061335E-003
          55  1.552141584285005E-005
          56  9.290351727168335E-005
          57  2.855913563214053E-003
          58  1.172979420558290E-013
          59  9.702969860342348E-005
          60  3.153947820282207E-003
          61 -1.552141562683866E-005
          62  9.290351776262184E-005
          63  2.855913577496361E-003
          64 -1.445403385886540E-005
          65 -8.667417619811162E-005
          66  2.855883791411883E-003
          67 -2.408193260689560E-013
          68 -9.134051564645639E-005
          69  3.153912851488997E-003
          70  1.445403336180781E-005
          71 -8.667417637030324E-005
          72  2.855883805692545E-003
          73 -4.465056203943537E-005
          74 -2.672462916329914E-004
          75  2.858077909087254E-003
          76 -6.003461981953092E-013
          77 -2.791284103073153E-004
          78  3.156030838250573E-003
          79  4.465056083045863E-005
          80 -2.672462924453631E-004
          81  2.858077923370477E-003
          82 -7.460527819982754E-005
          83 -4.468771926013558E-004
          84  2.862501204940821E-003
          85 -9.585494343751046E-013
          86 -4.676511019094874E-004
          87  3.160297910747695E-003
          88  7.460527627745589E-005
          89 -4.468771940777312E-004
          90  2.862501219230794E-003
          91  5.101570041516912E-005
          92  5.760531006773002E-004
          93  1.221767902102508E-002
          94  1.111746329704598E-012
          95  5.672984896591709E-004
          96  1.255497470354557E-002
          97 -5.101569820126298E-005
          98  5.760531018848490E-004
          99  1.221767905742747E-002
         100  1.732947512152645E-005
         101  1.957346737756735E-004
         102  1.221609830215085E-002
         103  2.019599200220624E-013
         104  1.932184756955162E-004
         105  1.255346557215081E-002
         106 -1.732947472804716E-005
         107  1.957346743860114E-004
         108  1.221609833855423E-002
         109 -1.631927408430393E-005
         110 -1.842218786566316E-004
         111  1.221607239513420E-002
         112 -7.075793930630827E-013
         113 -1.810844894596752E-004
         114  1.255344148404195E-002
         115  1.631927265714875E-005
         116 -1.842218786421578E-004
         117  1.221607243153643E-002
         118 -4.984903361813073E-005
         119 -5.630745122641266E-004
         120  1.221760926022389E-002
         121 -1.616381817149849E-012
         122 -5.558293597998425E-004
         123  1.255490119638124E-002
         124  4.984903036988002E-005
         125 -5.630745128404909E-004
         126  1.221760929662287E-002
         127 -8.348591723124509E-005
         128 -9.429684413168639E-004
         129  1.222070389330247E-002
         130 -2.525782289260594E-012
         131 -9.299327407706874E-004
         132  1.255784809178804E-002
         133  8.348591216272147E-005
         134 -9.429684424881856E-004
         135  1.222070392969614E-002
         136  3.962233978357030E-005
         137  8.172904620851115E-004
         138  2.770155470119443E-002
         139  1.577908559402615E-012
         140  8.298270700852155E-004
         141  2.796118848597456E-002
         142 -3.962233664306375E-005
         143  8.172904635452452E-004
         144  2.770155475808520E-002
         145  1.355904788115973E-005
         146  2.788156573752715E-004
         147  2.769991336052882E-002
         148  1.551358941570147E-013
         149  2.819983358836949E-004
         150  2.795939136938042E-002
         151 -1.355904758449042E-005
         152  2.788156581416008E-004
         153  2.769991341741417E-002
         154 -1.259058442189054E-005
         155 -2.604575004124769E-004
         156  2.769988922488165E-002
         157 -1.268043554849755E-012
         158 -2.652260264535758E-004
         159  2.795936480847109E-002
         160  1.259058187530736E-005
         161 -2.604575003261808E-004
         162  2.769988928176588E-002
         163 -3.901238181461122E-005
         164 -8.020682496726792E-004
         165  2.770146530796670E-002
         166 -2.692606888265641E-012
         167 -8.112262745289127E-004
         168  2.796111082068301E-002
         169  3.901237642585899E-005
         170 -8.020682502318481E-004
         171  2.770146536485401E-002
         172 -6.518758833741574E-005
         173 -1.341380578769991E-003
         174  2.770465500286712E-002
         175 -4.115892910259033E-012
         176 -1.358965875284555E-003
         177  2.796462151998122E-002
         178  6.518758010503164E-005
         179 -1.341380580013704E-003
         180  2.770465505976161E-002
         181  4.027845663405593E-005
         182  1.060288026264236E-003
         183  4.844761308536914E-002
         184  1.993897006149775E-012
         185  1.055136112615680E-003
         186  4.871379467140424E-002
         187 -4.027845265276561E-005
         188  1.060288027715256E-003
         189  4.844761316392382E-002
         190  1.368725944546384E-005
         191  3.605057409564069E-004
         192  4.844631292820771E-002
         193  3.019238070332192E-014
         194  3.592574581533839E-004
         195  4.871255536970544E-002
         196 -1.368725939209273E-005
         197  3.605057417943613E-004
         198  4.844631300676287E-002
         199 -1.288070974839013E-005
         200 -3.388678049492117E-004
         201  4.844629281282620E-002
         202 -1.933368061853389E-012
         203 -3.368741889797984E-004
         204  4.871253521960184E-002
         205  1.288070587373214E-005
         206 -3.388678047232691E-004
         207  4.844629289138061E-002
         208 -3.937204428733126E-005
         209 -1.037065648122969E-003
         210  4.844755670037328E-002
         211 -3.896503892157356E-012
         212 -1.033478940751051E-003
         213  4.871373410240408E-002
         214  3.937203648440061E-005
         215 -1.037065648503849E-003
         216  4.844755677892573E-002
         217 -6.592956178244141E-005
         218 -1.736440471582825E-003
         219  4.845009988300785E-002
         220 -5.859982579586141E-012
         221 -1.729355423979055E-003
         222  4.871615453486478E-002
         223  6.592955005170569E-005
         224 -1.736440472573835E-003
         225  4.845009996155716E-002
         226  3.335310367552668E-005
         227  1.258594112230772E-003
         228  7.400225844330383E-002
         229  2.298496887848103E-012
         230  1.260289845322501E-003
         231  7.422199539067280E-002
         232 -3.335309908520919E-005
         233  1.258594113758770E-003
         234  7.400225854241342E-002
         235  1.136335244512281E-005
         236  4.285990274677612E-004
         237  7.400112521239305E-002
         238 -1.793075704916591E-013
         239  4.287286871831011E-004
         240  7.422081858061177E-002
         241 -1.136335281018144E-005
         242  4.285990283766360E-004
         243  7.400112531150145E-002
         244 -1.064019224433550E-005
         245 -4.017241707518436E-004
         246  7.400110654769398E-002
         247 -2.657156280974515E-012
         248 -4.025628204434288E-004
         249  7.422080098394991E-002
         250  1.064018692399585E-005
         251 -4.017241704538295E-004
         252  7.400110664680182E-002
         253 -3.269048296172279E-005
         254 -1.232955587872464E-003
         255  7.400220108116848E-002
         256 -5.135189824457769E-012
         257 -1.233325220763802E-003
         258  7.422194207698615E-002
         259  3.269047268627750E-005
         260 -1.232955588164538E-003
         261  7.400220118027642E-002
         262 -5.470162546210187E-005
         263 -2.063241719977386E-003
         264  7.400441270576154E-002
         265 -7.613039069965177E-012
         266 -2.064863910900833E-003
         267  7.422424010525559E-002
         268  5.470161023137944E-005
         269 -2.063241720883085E-003
         270  7.400441280487007E-002
         271  3.086855215446872E-005
         272  1.440668273705678E-003
         273  0.103696476934096     
         274  2.581951269290301E-012
         275  1.433297929331528E-003
         276  0.103900746848254     
         277 -3.086854699557176E-005
         278  1.440668275363322E-003
         279  0.103696477054638     
         280  1.047759327744086E-005
         281  4.895265003931639E-004
         282  0.103695474981569     
         283 -4.316816599119467E-013
         284  4.882053526028271E-004
         285  0.103899844354022     
         286 -1.047759414555260E-005
         287  4.895265013914605E-004
         288  0.103695475102110     
         289 -9.882428600794634E-006
         290 -4.606589259336146E-004
         291  0.103695462374086     
         292 -3.445376630792830E-012
         293 -4.575243083374712E-004
         294  0.103899827928846     
         295  9.882421705790887E-006
         296 -4.606589255983021E-004
         297  0.103695462494627     
         298 -3.013746553909953E-005
         299 -1.408216801361397E-003
         300  0.103696440287138     
         301 -6.459274152650051E-012
         302 -1.404427251349061E-003
         303  0.103900699721377     
         304  3.013745261732167E-005
         305 -1.408216801693001E-003
         306  0.103696440407679     
         307 -5.048019780818780E-005
         308 -2.358529960547711E-003
         309  0.103698399410134     
         310 -9.472967890089644E-012
         311 -2.349495755790932E-003
         312  0.103902463707129     
         313  5.048017885945522E-005
         314 -2.358529961536431E-003
         315  0.103698399530676     
         316  2.399243974501265E-005
         317  1.584449891838640E-003
         318  0.136985977276464     
         319  2.889978367249965E-012
         320  1.584857175871071E-003
         321  0.137144090243198     
         322 -2.399243396642632E-005
         323  1.584449893553328E-003
         324  0.136985977420149     
         325  8.172198893388234E-006
         326  5.394907599758296E-004
         327  0.136985170524498     
         328 -7.020070322401908E-013
         329  5.391902036951646E-004
         330  0.137143255962085     
         331 -8.172200299180556E-006
         332  5.394907610107520E-004
         333  0.136985170668184     
         334 -7.655706806177152E-006
         335 -5.057999029391585E-004
         336  0.136985156621111     
         337 -4.293876840521653E-012
         338 -5.062062068891263E-004
         339  0.137143243716165     
         340  7.655698215897392E-006
         341 -5.057999025749932E-004
         342  0.136985156764796     
         343 -2.351006403606142E-005
         344 -1.551961686973629E-003
         345  0.136985936073281     
         346 -7.885399687280610E-012
         347 -1.551090684111171E-003
         348  0.137144052533543     
         349  2.351004826107751E-005
         350 -1.551961687257479E-003
         351  0.136985936216965     
         352 -3.934277471172702E-005
         353 -2.597167750997099E-003
         354  0.136987511706538     
         355 -1.147721610778542E-011
         356 -2.596754323786163E-003
         357  0.137145681317638     
         358  3.934275175241357E-005
         359 -2.597167751954604E-003
         360  0.136987511850219     
         361  1.970015460066934E-005
         362  1.708489130628467E-003
         363  0.173244440458767     
         364  3.071576025605733E-012
         365  1.705564032540051E-003
         366  0.173374487681851     
         367 -1.970014845629315E-005
         368  1.708489132127740E-003
         369  0.173244440622929     
         370  6.700514993467997E-006
         371  5.811145706015001E-004
         372  0.173243780055905     
         373 -1.032145625533956E-012
         374  5.806105580951122E-004
         375  0.173373844405674     
         376 -6.700517057548884E-006
         377  5.811145715837171E-004
         378  0.173243780220069     
         379 -6.294759644799613E-006
         380 -5.458450895362400E-004
         381  0.173243771380246     
         382 -5.135606433247192E-012
         383 -5.445973767033102E-004
         384  0.173373833451255     
         385  6.294749371974702E-006
         386 -5.458450890705802E-004
         387  0.173243771544410     
         388 -1.927485253529289E-005
         389 -1.671693488065448E-003
         390  0.173244411977949     
         391 -9.238219651438486E-012
         392 -1.670248796327674E-003
         393  0.173374456443070     
         394  1.927483405313824E-005
         395 -1.671693488112075E-003
         396  0.173244412142110     
         397 -3.226722386107660E-005
         398 -2.798737570919541E-003
         399  0.173245700091833     
         400 -1.334157168291057E-011
         401 -2.795167314869030E-003
         402  0.173375713861861     
         403  3.226719717044763E-005
         404 -2.798737571480227E-003
         405  0.173245700255989     
         406  1.415894514043975E-005
         407  1.799971342123539E-003
         408  0.211885947423246     
         409  2.982924548362501E-012
         410  1.802065258813453E-003
         411  0.211979134555681     
         412 -1.415893916998556E-005
         413  1.799971343271208E-003
         414  0.211885947601041     
         415  4.828130447586001E-006
         416  6.132525355333066E-004
         417  0.211885477480637     
         418 -1.461449859152457E-012
         419  6.128720446211510E-004
         420  0.211978618669892     
         421 -4.828133367553575E-006
         422  6.132525363925990E-004
         423  0.211885477658437     
         424 -4.513253866523904E-006
         425 -5.743318482459342E-004
         426  0.211885462871699     
         427 -5.905383098382453E-012
         428 -5.756752786285428E-004
         429  0.211978614144044     
         430  4.513242055646722E-006
         431 -5.743318476640796E-004
         432  0.211885463049499     
         433 -1.389179573143814E-005
         434 -1.764157592014800E-003
         435  0.211885918827651     
         436 -1.034791542647144E-011
         437 -1.763049491602796E-003
         438  0.211979112646146     
         439  1.389177502880995E-005
         440 -1.764157591686549E-003
         441  0.211885919005446     
         442 -2.324052298728221E-005
         443 -2.951487755410808E-003
         444  0.211886848094658     
         445 -1.479169657421072E-011
         446 -2.952284050271449E-003
         447  0.211980114396650     
         448  2.324049339427053E-005
         449 -2.951487755366770E-003
         450  0.211886848272446     
         451  9.840390915477798E-006
         452  1.870721772795479E-003
         453  0.252308456775131     
         454  2.529489769667792E-012
         455  1.868151096056658E-003
         456  0.252373423755788     
         457 -9.840385854468955E-006
         458  1.870721773493622E-003
         459  0.252308456956799     
         460  3.346647113797923E-006
         461  6.363345023377813E-004
         462  0.252308124192862     
         463 -2.011935271212280E-012
         464  6.359391372433257E-004
         465  0.252373104239138     
         466 -3.346651136538144E-006
         467  6.363345030512217E-004
         468  0.252308124374533     
         469 -3.144480041764919E-006
         470 -5.976429436051702E-004
         471  0.252308121891097     
         472 -6.553114508661474E-012
         473 -5.965238459336984E-004
         474  0.252373097867906     
         475  3.144466934935481E-006
         476 -5.976429428802161E-004
         477  0.252308122072768     
         478 -9.626257596960050E-006
         479 -1.830544366657777E-003
         480  0.252308443117381     
         481 -1.109351018329352E-011
         482 -1.829413509482164E-003
         483  0.252373408134062     
         484  9.626235405477457E-006
         485 -1.830544365929170E-003
         486  0.252308443299050     
         487 -1.611541506716067E-005
         488 -3.064627152596574E-003
         489  0.252309087478022     
         490 -1.563460997729112E-011
         491 -3.061580050988332E-003
         492  0.252374034614793     
         493  1.611538379182929E-005
         494 -3.064627151853840E-003
         495  0.252309087659687     
         496  5.139935869638723E-006
         497  1.909572399590086E-003
         498  0.293927492728148     
         499  1.847792324782422E-012
         500  1.909718597514428E-003
         501  0.293961368815553     
         502 -5.139932173597795E-006
         503  1.909572400161643E-003
         504  0.293927492907499     
         505  1.750842474034178E-006
         506  6.501292656024544E-004
         507  0.293927346896950     
         508 -2.635982011943840E-012
         509  6.497544361967743E-004
         510  0.293961198261130     
         511 -1.750847745494116E-006
         512  6.501292662656731E-004
         513  0.293927347076301     
         514 -1.639799715889490E-006
         515 -6.096416753940711E-004
         516  0.293927337867989     
         517 -7.119745123001608E-012
         518 -6.099429105989186E-004
         519  0.293961198608280     
         520  1.639785476937606E-006
         521 -6.096416746367806E-004
         522  0.293927338047340     
         523 -5.038462053325151E-006
         524 -1.870235440843777E-003
         525  0.293927483693362     
         526 -1.160348708348816E-011
         527 -1.869150779043546E-003
         528  0.293961361093171     
         529  5.038438846920015E-006
         530 -1.870235439988706E-003
         531  0.293927483872713     
         532 -8.432681443445002E-006
         533 -3.129883744482037E-003
         534  0.293927782708321     
         535 -1.608725139578496E-011
         536 -3.129127203778735E-003
         537  0.293961687851713     
         538  8.432649269523350E-006
         539 -3.129883743535668E-003
         540  0.293927782887672     
         541  4.182406040135882E-006
         542  1.925432892498091E-003
         543  0.336128771519433     
         544  1.164903709281320E-012
         545  1.923373753463573E-003
         546  0.336156953883140     
         547 -4.182403712432402E-006
         548  1.925432893166829E-003
         549  0.336128771696378     
         550  1.397998347472377E-006
         551  6.545780695060212E-004
         552  0.336128769526699     
         553 -3.258996458296991E-012
         554  6.549533004273402E-004
         555  0.336157024180786     
         556 -1.398004867049341E-006
         557  6.545780702087012E-004
         558  0.336128769703643     
         559 -1.354962193009089E-006
         560 -6.153786662894946E-004
         561  0.336128810285304     
         562 -7.683160561142314E-012
         563 -6.140727419552864E-004
         564  0.336157006824126     
         565  1.354946826251221E-006
         566 -6.153786655608104E-004
         567  0.336128810462248     
         568 -4.011428470243969E-006
         569 -1.883017660598781E-003
         570  0.336128782480316     
         571 -1.210813266749358E-011
         572 -1.884120319426449E-003
         573  0.336156956947217     
         574  4.011404256337565E-006
         575 -1.883017659859225E-003
         576  0.336128782657261     
         577 -6.758642115203010E-006
         578 -3.153246173018056E-003
         579  0.336128698158559     
         580 -1.653236449739714E-011
         581 -3.152423541471406E-003
         582  0.336156859565497     
         583  6.758609053965896E-006
         584 -3.153246172245877E-003
         585  0.336128698335507     
