10

D-PLANE 1  0 1 0 0   0.0 0.0 0.0
F-POINT 2  -5.0000000000D-02 1.0000000000D+00 -5.0000000000D-02  0.0 0.0 2.7777777778D+01
F-POINT 3  0.0000000000D+00 1.0000000000D+00 -5.0000000000D-02  0.0 0.0 1.1111111111D+02
F-POINT 4  5.0000000000D-02 1.0000000000D+00 -5.0000000000D-02  0.0 0.0 2.7777777778D+01
F-POINT 5  -5.0000000000D-02 1.0000000000D+00 0.0000000000D+00  0.0 0.0 1.1111111111D+02
F-POINT 6  0.0000000000D+00 1.0000000000D+00 0.0000000000D+00  0.0 0.0 4.4444444444D+02
F-POINT 7  5.0000000000D-02 1.0000000000D+00 0.0000000000D+00  0.0 0.0 1.1111111111D+02
F-POINT 8  -5.0000000000D-02 1.0000000000D+00 5.0000000000D-02  0.0 0.0 2.7777777778D+01
F-POINT 9  0.0000000000D+00 1.0000000000D+00 5.0000000000D-02  0.0 0.0 1.1111111111D+02
F-POINT 10  5.0000000000D-02 1.0000000000D+00 5.0000000000D-02  0.0 0.0 2.7777777778D+01
