8

H27 1  1 3 9 7 103 105 111 109 2 4 52 6 54 8 60 58 104 106 108 110 5 53 55 57 59 107 56  1  1
H27 2  7 9 15 13 109 111 117 115 8 10 58 12 60 14 66 64 110 112 114 116 11 59 61 63 65 113 62  1  1
H27 3  13 15 21 19 115 117 123 121 14 16 64 18 66 20 72 70 116 118 120 122 17 65 67 69 71 119 68  1  1
H27 4  19 21 27 25 121 123 129 127 20 22 70 24 72 26 78 76 122 124 126 128 23 71 73 75 77 125 74  1  1
H27 5  25 27 33 31 127 129 135 133 26 28 76 30 78 32 84 82 128 130 132 134 29 77 79 81 83 131 80  1  1
H27 6  31 33 39 37 133 135 141 139 32 34 82 36 84 38 90 88 134 136 138 140 35 83 85 87 89 137 86  1  1
H27 7  37 39 45 43 139 141 147 145 38 40 88 42 90 44 96 94 140 142 144 146 41 89 91 93 95 143 92  1  1
H27 8  43 45 51 49 145 147 153 151 44 46 94 48 96 50 102 100 146 148 150 152 47 95 97 99 101 149 98  1  1
