153

1  -5.0000000000D-02  0.0000000000D+00  -5.0000000000D-02  LE 1
2  0.0000000000D+00  0.0000000000D+00  -5.0000000000D-02  LE 1
3  5.0000000000D-02  0.0000000000D+00  -5.0000000000D-02  LE 1
4  -5.0000000000D-02  6.2500000000D-02  -5.0000000000D-02  LE 1
5  0.0000000000D+00  6.2500000000D-02  -5.0000000000D-02  LE 1
6  5.0000000000D-02  6.2500000000D-02  -5.0000000000D-02  LE 1
7  -5.0000000000D-02  1.2500000000D-01  -5.0000000000D-02  LE 1
8  0.0000000000D+00  1.2500000000D-01  -5.0000000000D-02  LE 1
9  5.0000000000D-02  1.2500000000D-01  -5.0000000000D-02  LE 1
10  -5.0000000000D-02  1.8750000000D-01  -5.0000000000D-02  LE 1
11  0.0000000000D+00  1.8750000000D-01  -5.0000000000D-02  LE 1
12  5.0000000000D-02  1.8750000000D-01  -5.0000000000D-02  LE 1
13  -5.0000000000D-02  2.5000000000D-01  -5.0000000000D-02  LE 1
14  0.0000000000D+00  2.5000000000D-01  -5.0000000000D-02  LE 1
15  5.0000000000D-02  2.5000000000D-01  -5.0000000000D-02  LE 1
16  -5.0000000000D-02  3.1250000000D-01  -5.0000000000D-02  LE 1
17  0.0000000000D+00  3.1250000000D-01  -5.0000000000D-02  LE 1
18  5.0000000000D-02  3.1250000000D-01  -5.0000000000D-02  LE 1
19  -5.0000000000D-02  3.7500000000D-01  -5.0000000000D-02  LE 1
20  0.0000000000D+00  3.7500000000D-01  -5.0000000000D-02  LE 1
21  5.0000000000D-02  3.7500000000D-01  -5.0000000000D-02  LE 1
22  -5.0000000000D-02  4.3750000000D-01  -5.0000000000D-02  LE 1
23  0.0000000000D+00  4.3750000000D-01  -5.0000000000D-02  LE 1
24  5.0000000000D-02  4.3750000000D-01  -5.0000000000D-02  LE 1
25  -5.0000000000D-02  5.0000000000D-01  -5.0000000000D-02  LE 1
26  0.0000000000D+00  5.0000000000D-01  -5.0000000000D-02  LE 1
27  5.0000000000D-02  5.0000000000D-01  -5.0000000000D-02  LE 1
28  -5.0000000000D-02  5.6250000000D-01  -5.0000000000D-02  LE 1
29  0.0000000000D+00  5.6250000000D-01  -5.0000000000D-02  LE 1
30  5.0000000000D-02  5.6250000000D-01  -5.0000000000D-02  LE 1
31  -5.0000000000D-02  6.2500000000D-01  -5.0000000000D-02  LE 1
32  0.0000000000D+00  6.2500000000D-01  -5.0000000000D-02  LE 1
33  5.0000000000D-02  6.2500000000D-01  -5.0000000000D-02  LE 1
34  -5.0000000000D-02  6.8750000000D-01  -5.0000000000D-02  LE 1
35  0.0000000000D+00  6.8750000000D-01  -5.0000000000D-02  LE 1
36  5.0000000000D-02  6.8750000000D-01  -5.0000000000D-02  LE 1
37  -5.0000000000D-02  7.5000000000D-01  -5.0000000000D-02  LE 1
38  0.0000000000D+00  7.5000000000D-01  -5.0000000000D-02  LE 1
39  5.0000000000D-02  7.5000000000D-01  -5.0000000000D-02  LE 1
40  -5.0000000000D-02  8.1250000000D-01  -5.0000000000D-02  LE 1
41  0.0000000000D+00  8.1250000000D-01  -5.0000000000D-02  LE 1
42  5.0000000000D-02  8.1250000000D-01  -5.0000000000D-02  LE 1
43  -5.0000000000D-02  8.7500000000D-01  -5.0000000000D-02  LE 1
44  0.0000000000D+00  8.7500000000D-01  -5.0000000000D-02  LE 1
45  5.0000000000D-02  8.7500000000D-01  -5.0000000000D-02  LE 1
46  -5.0000000000D-02  9.3750000000D-01  -5.0000000000D-02  LE 1
47  0.0000000000D+00  9.3750000000D-01  -5.0000000000D-02  LE 1
48  5.0000000000D-02  9.3750000000D-01  -5.0000000000D-02  LE 1
49  -5.0000000000D-02  1.0000000000D+00  -5.0000000000D-02  LE 1
50  0.0000000000D+00  1.0000000000D+00  -5.0000000000D-02  LE 1
51  5.0000000000D-02  1.0000000000D+00  -5.0000000000D-02  LE 1
52  -5.0000000000D-02  0.0000000000D+00  0.0000000000D+00  LE 1
53  0.0000000000D+00  0.0000000000D+00  0.0000000000D+00  LE 1
54  5.0000000000D-02  0.0000000000D+00  0.0000000000D+00  LE 1
55  -5.0000000000D-02  6.2500000000D-02  0.0000000000D+00  LE 1
56  0.0000000000D+00  6.2500000000D-02  0.0000000000D+00  LE 1
57  5.0000000000D-02  6.2500000000D-02  0.0000000000D+00  LE 1
58  -5.0000000000D-02  1.2500000000D-01  0.0000000000D+00  LE 1
59  0.0000000000D+00  1.2500000000D-01  0.0000000000D+00  LE 1
60  5.0000000000D-02  1.2500000000D-01  0.0000000000D+00  LE 1
61  -5.0000000000D-02  1.8750000000D-01  0.0000000000D+00  LE 1
62  0.0000000000D+00  1.8750000000D-01  0.0000000000D+00  LE 1
63  5.0000000000D-02  1.8750000000D-01  0.0000000000D+00  LE 1
64  -5.0000000000D-02  2.5000000000D-01  0.0000000000D+00  LE 1
65  0.0000000000D+00  2.5000000000D-01  0.0000000000D+00  LE 1
66  5.0000000000D-02  2.5000000000D-01  0.0000000000D+00  LE 1
67  -5.0000000000D-02  3.1250000000D-01  0.0000000000D+00  LE 1
68  0.0000000000D+00  3.1250000000D-01  0.0000000000D+00  LE 1
69  5.0000000000D-02  3.1250000000D-01  0.0000000000D+00  LE 1
70  -5.0000000000D-02  3.7500000000D-01  0.0000000000D+00  LE 1
71  0.0000000000D+00  3.7500000000D-01  0.0000000000D+00  LE 1
72  5.0000000000D-02  3.7500000000D-01  0.0000000000D+00  LE 1
73  -5.0000000000D-02  4.3750000000D-01  0.0000000000D+00  LE 1
74  0.0000000000D+00  4.3750000000D-01  0.0000000000D+00  LE 1
75  5.0000000000D-02  4.3750000000D-01  0.0000000000D+00  LE 1
76  -5.0000000000D-02  5.0000000000D-01  0.0000000000D+00  LE 1
77  0.0000000000D+00  5.0000000000D-01  0.0000000000D+00  LE 1
78  5.0000000000D-02  5.0000000000D-01  0.0000000000D+00  LE 1
79  -5.0000000000D-02  5.6250000000D-01  0.0000000000D+00  LE 1
80  0.0000000000D+00  5.6250000000D-01  0.0000000000D+00  LE 1
81  5.0000000000D-02  5.6250000000D-01  0.0000000000D+00  LE 1
82  -5.0000000000D-02  6.2500000000D-01  0.0000000000D+00  LE 1
83  0.0000000000D+00  6.2500000000D-01  0.0000000000D+00  LE 1
84  5.0000000000D-02  6.2500000000D-01  0.0000000000D+00  LE 1
85  -5.0000000000D-02  6.8750000000D-01  0.0000000000D+00  LE 1
86  0.0000000000D+00  6.8750000000D-01  0.0000000000D+00  LE 1
87  5.0000000000D-02  6.8750000000D-01  0.0000000000D+00  LE 1
88  -5.0000000000D-02  7.5000000000D-01  0.0000000000D+00  LE 1
89  0.0000000000D+00  7.5000000000D-01  0.0000000000D+00  LE 1
90  5.0000000000D-02  7.5000000000D-01  0.0000000000D+00  LE 1
91  -5.0000000000D-02  8.1250000000D-01  0.0000000000D+00  LE 1
92  0.0000000000D+00  8.1250000000D-01  0.0000000000D+00  LE 1
93  5.0000000000D-02  8.1250000000D-01  0.0000000000D+00  LE 1
94  -5.0000000000D-02  8.7500000000D-01  0.0000000000D+00  LE 1
95  0.0000000000D+00  8.7500000000D-01  0.0000000000D+00  LE 1
96  5.0000000000D-02  8.7500000000D-01  0.0000000000D+00  LE 1
97  -5.0000000000D-02  9.3750000000D-01  0.0000000000D+00  LE 1
98  0.0000000000D+00  9.3750000000D-01  0.0000000000D+00  LE 1
99  5.0000000000D-02  9.3750000000D-01  0.0000000000D+00  LE 1
100  -5.0000000000D-02  1.0000000000D+00  0.0000000000D+00  LE 1
101  0.0000000000D+00  1.0000000000D+00  0.0000000000D+00  LE 1
102  5.0000000000D-02  1.0000000000D+00  0.0000000000D+00  LE 1
103  -5.0000000000D-02  0.0000000000D+00  5.0000000000D-02  LE 1
104  0.0000000000D+00  0.0000000000D+00  5.0000000000D-02  LE 1
105  5.0000000000D-02  0.0000000000D+00  5.0000000000D-02  LE 1
106  -5.0000000000D-02  6.2500000000D-02  5.0000000000D-02  LE 1
107  0.0000000000D+00  6.2500000000D-02  5.0000000000D-02  LE 1
108  5.0000000000D-02  6.2500000000D-02  5.0000000000D-02  LE 1
109  -5.0000000000D-02  1.2500000000D-01  5.0000000000D-02  LE 1
110  0.0000000000D+00  1.2500000000D-01  5.0000000000D-02  LE 1
111  5.0000000000D-02  1.2500000000D-01  5.0000000000D-02  LE 1
112  -5.0000000000D-02  1.8750000000D-01  5.0000000000D-02  LE 1
113  0.0000000000D+00  1.8750000000D-01  5.0000000000D-02  LE 1
114  5.0000000000D-02  1.8750000000D-01  5.0000000000D-02  LE 1
115  -5.0000000000D-02  2.5000000000D-01  5.0000000000D-02  LE 1
116  0.0000000000D+00  2.5000000000D-01  5.0000000000D-02  LE 1
117  5.0000000000D-02  2.5000000000D-01  5.0000000000D-02  LE 1
118  -5.0000000000D-02  3.1250000000D-01  5.0000000000D-02  LE 1
119  0.0000000000D+00  3.1250000000D-01  5.0000000000D-02  LE 1
120  5.0000000000D-02  3.1250000000D-01  5.0000000000D-02  LE 1
121  -5.0000000000D-02  3.7500000000D-01  5.0000000000D-02  LE 1
122  0.0000000000D+00  3.7500000000D-01  5.0000000000D-02  LE 1
123  5.0000000000D-02  3.7500000000D-01  5.0000000000D-02  LE 1
124  -5.0000000000D-02  4.3750000000D-01  5.0000000000D-02  LE 1
125  0.0000000000D+00  4.3750000000D-01  5.0000000000D-02  LE 1
126  5.0000000000D-02  4.3750000000D-01  5.0000000000D-02  LE 1
127  -5.0000000000D-02  5.0000000000D-01  5.0000000000D-02  LE 1
128  0.0000000000D+00  5.0000000000D-01  5.0000000000D-02  LE 1
129  5.0000000000D-02  5.0000000000D-01  5.0000000000D-02  LE 1
130  -5.0000000000D-02  5.6250000000D-01  5.0000000000D-02  LE 1
131  0.0000000000D+00  5.6250000000D-01  5.0000000000D-02  LE 1
132  5.0000000000D-02  5.6250000000D-01  5.0000000000D-02  LE 1
133  -5.0000000000D-02  6.2500000000D-01  5.0000000000D-02  LE 1
134  0.0000000000D+00  6.2500000000D-01  5.0000000000D-02  LE 1
135  5.0000000000D-02  6.2500000000D-01  5.0000000000D-02  LE 1
136  -5.0000000000D-02  6.8750000000D-01  5.0000000000D-02  LE 1
137  0.0000000000D+00  6.8750000000D-01  5.0000000000D-02  LE 1
138  5.0000000000D-02  6.8750000000D-01  5.0000000000D-02  LE 1
139  -5.0000000000D-02  7.5000000000D-01  5.0000000000D-02  LE 1
140  0.0000000000D+00  7.5000000000D-01  5.0000000000D-02  LE 1
141  5.0000000000D-02  7.5000000000D-01  5.0000000000D-02  LE 1
142  -5.0000000000D-02  8.1250000000D-01  5.0000000000D-02  LE 1
143  0.0000000000D+00  8.1250000000D-01  5.0000000000D-02  LE 1
144  5.0000000000D-02  8.1250000000D-01  5.0000000000D-02  LE 1
145  -5.0000000000D-02  8.7500000000D-01  5.0000000000D-02  LE 1
146  0.0000000000D+00  8.7500000000D-01  5.0000000000D-02  LE 1
147  5.0000000000D-02  8.7500000000D-01  5.0000000000D-02  LE 1
148  -5.0000000000D-02  9.3750000000D-01  5.0000000000D-02  LE 1
149  0.0000000000D+00  9.3750000000D-01  5.0000000000D-02  LE 1
150  5.0000000000D-02  9.3750000000D-01  5.0000000000D-02  LE 1
151  -5.0000000000D-02  1.0000000000D+00  5.0000000000D-02  LE 1
152  0.0000000000D+00  1.0000000000D+00  5.0000000000D-02  LE 1
153  5.0000000000D-02  1.0000000000D+00  5.0000000000D-02  LE 1
