15

1   -0.00500D0   0.0000000D0   -0.000500D0
2   0.000000D0   0.0000000D0   -0.000500D0
3   0.005000D0   0.0000000D0   -0.000500D0
4   -0.00500D0   0.0000000D0   -0.000250D0
5   0.000000D0   0.0000000D0   -0.000250D0
6   0.005000D0   0.0000000D0   -0.000250D0
7   -0.00500D0   0.0000000D0   0.0000000D0
8   0.000000D0   0.0000000D0   0.0000000D0
9   0.005000D0   0.0000000D0   0.0000000D0
10   -0.00500D0   0.0000000D0   0.0002500D0
11   0.000000D0   0.0000000D0   0.0002500D0
12   0.005000D0   0.0000000D0   0.0002500D0
13   -0.00500D0   0.0000000D0   0.0005000D0
14   0.000000D0   0.0000000D0   0.0005000D0
15   0.005000D0   0.0000000D0   0.0005000D0
