13

1   0.0000000D0   0.000000D0   0.0000000D0  LE 3
2   0.0000000D0   0.008333D0   0.0000000D0  LE 3
3   0.0000000D0   0.016667D0   0.0000000D0  LE 3
4   0.0000000D0   0.025000D0   0.0000000D0  LE 3
5   0.0000000D0   0.033333D0   0.0000000D0  LE 3
6   0.0000000D0   0.041667D0   0.0000000D0  LE 3
7   0.0000000D0   0.050000D0   0.0000000D0  LE 3
8   0.0000000D0   0.058333D0   0.0000000D0  LE 3
9   0.0000000D0   0.066667D0   0.0000000D0  LE 3
10   0.0000000D0   0.075000D0   0.0000000D0  LE 3
11   0.0000000D0   0.083333D0   0.0000000D0  LE 3
12   0.0000000D0   0.091667D0   0.0000000D0  LE 3
13   0.0000000D0   0.100000D0   0.0000000D0  LE 3
















